1260036017_video 0 0 26 0.7013986110687256 0
1260036017_video 1 28 86 0.17565931379795074 0
1260036017_video 2 93 110 0.2268555462360382 0
1260036017_video 3 115 519 0.42466944456100464 0
1260036017_video 4 524 529 0.9089149832725525 0
1260036017_video 5 530 576 0.3755142390727997 0
1260036017_video 6 580 587 0.031026016920804977 0
1260036017_video 7 588 600 0.011118190363049507 0
1260036017_video 8 601 642 0.09446635842323303 0
1260036017_video 9 643 721 0.3605150282382965 0
1260036017_video 10 722 841 0.738040030002594 0
1260036017_video 11 842 914 0.20870882272720337 0
1260036017_video 12 915 1034 0.10472393780946732 0
1260036017_video 13 1035 1178 0.10787778347730637 0
1260036017_video 14 1179 1274 0.06568146497011185 0
1260036017_video 15 1275 1370 0.020933371037244797 0
1260036017_video 16 1371 1562 0.2141042798757553 0
1260036017_video 17 1563 1566 0.319507360458374 0
1260036017_video 18 1575 2321 0.953415036201477 0
1260036017_video 19 2323 2396 0.8314434885978699 0
1260036017_video 20 2397 2476 0.8086192607879639 0
1260036017_video 21 2477 2544 0.963769257068634 0
1260036017_video 22 2550 2552 0.9419130682945251 0
1260036017_video 23 2561 2626 0.8791304230690002 0
1260036017_video 24 2632 2638 0.592515766620636 0
1260036017_video 25 2643 2701 0.7769471406936646 0
1260036017_video 26 2705 2713 0.9325128793716431 0
1260036017_video 27 2717 2783 0.7207946181297302 0
1260036017_video 28 2787 2794 0.9410936832427979 0
1260036017_video 29 2800 3021 0.9517953395843506 0
1260036017_video 30 3022 3255 0.9652637243270874 0
1260036017_video 31 3257 3369 0.6412158608436584 0
1260036017_video 32 3370 3426 0.28405389189720154 0
1260036017_video 33 3427 3504 0.06600677222013474 0
1260036017_video 34 3505 3568 0.0775209292769432 0
1260036017_video 35 3569 3655 0.019744880497455597 0
1260036017_video 36 3656 3744 0.046928104013204575 0
1260036017_video 37 3745 3851 0.020233627408742905 0
1260036017_video 38 3852 3903 0.16966240108013153 0
1260036017_video 39 3904 4030 0.04536385461688042 0
1260036017_video 40 4031 4170 0.01972179114818573 0
1260036017_video 41 4171 4390 0.005943750962615013 0
1260036017_video 42 4391 4454 0.0029700379818677902 0
1260036017_video 43 4455 4542 0.008870215155184269 0
1260036017_video 44 4543 4606 0.006051601842045784 0
1260036017_video 45 4607 4700 0.0016775635303929448 0
1260036017_video 46 4701 4740 0.005086688790470362 0
1260036017_video 47 4741 4842 0.0023998403921723366 0
1260036017_video 48 4843 4905 0.008048847317695618 0
1260036017_video 49 4906 4956 0.002158793853595853 0
1260036017_video 50 4957 5010 0.0014134644297882915 0
1260036017_video 51 5011 5050 0.0010153992334380746 0
1260036017_video 52 5051 5110 0.18987947702407837 0
1260036017_video 53 5111 5186 0.0616183802485466 0
1260036017_video 54 5187 5221 0.021482519805431366 0
1260036017_video 55 5222 5278 0.006947564426809549 0
1260036017_video 56 5279 5348 0.019590701907873154 0
1260036017_video 57 5349 5503 0.9020020365715027 0
1260036017_video 58 5504 5575 0.6681625843048096 0
1260036017_video 59 5576 5676 0.300157755613327 0
1260036017_video 60 5677 5718 0.03591186925768852 0
1260036017_video 61 5719 5786 0.26702433824539185 0
1260036017_video 62 5787 5950 0.014217457734048367 0
1260036017_video 63 5951 6010 0.023817848414182663 0
1260036017_video 64 6011 6087 0.693327009677887 0
1260036017_video 65 6088 6155 0.12206969410181046 0
1260036017_video 66 6156 6314 0.024736851453781128 0
1260036017_video 67 6315 6587 0.013484116643667221 0
1260036017_video 68 6588 6690 0.007793387398123741 0
1260036017_video 69 6691 6806 0.9343991875648499 0
1260036017_video 70 6807 6862 0.7884705662727356 0
1260036017_video 71 6863 6904 0.8744637370109558 0
1260036017_video 72 6905 7033 0.9754292964935303 0
1260036017_video 73 7034 7088 0.7820289731025696 0
1260036017_video 74 7089 7145 0.9600880742073059 0
1260036017_video 75 7146 7175 0.7069228291511536 0
1260036017_video 76 7176 7186 0.4593992829322815 0
1260036017_video 77 7187 7202 0.9291608333587646 0
1260036017_video 78 7203 7217 0.9552909135818481 0
1260036017_video 79 7218 7254 0.5490966439247131 0
1260036017_video 80 7255 7273 0.2999444901943207 0
1260036017_video 81 7274 7371 0.9177699089050293 0
1260036017_video 82 7372 7411 0.8012512922286987 0
1260036017_video 83 7412 7507 0.16830463707447052 0
1260036017_video 84 7508 7565 0.037088457494974136 0
1260036017_video 85 7566 7711 0.024969695135951042 0
1260036017_video 86 7712 7761 0.07516054809093475 0
1260036017_video 87 7762 7926 0.28529536724090576 0
1260036017_video 88 7927 8023 0.008531100116670132 0
1260036017_video 89 8024 8082 0.0009446708718314767 0
1260036017_video 90 8083 8142 0.002875223755836487 0
1260036017_video 91 8143 8334 0.8778485059738159 0
1260036017_video 92 8335 8514 0.9547948837280273 0
1260036017_video 93 8515 8593 0.5587745308876038 0
1260036017_video 94 8594 8666 0.06111576780676842 0
1260036017_video 95 8667 8706 0.14956800639629364 0
1260036017_video 96 8707 8747 0.7824446558952332 0
1260036017_video 97 8748 8810 0.957611083984375 0
1260036017_video 98 8811 8895 0.9191173911094666 0
1260036017_video 99 8896 8977 0.7783964276313782 0
1260036017_video 100 8978 9098 0.9456831812858582 0
1260036017_video 101 9099 9146 0.6642490029335022 0
1260036017_video 102 9147 9242 0.3333601951599121 0
1260036017_video 103 9243 9365 0.052832283079624176 0
1260036017_video 104 9366 9427 0.546021044254303 0
1260036017_video 105 9428 9509 0.31641560792922974 0
1260036017_video 106 9510 9571 0.9376373291015625 0
1260036017_video 107 9572 9626 0.885895311832428 0
1260036017_video 108 9627 9853 0.9938955903053284 0
1260036017_video 109 9854 9973 0.9647017121315002 0
1260036017_video 110 9974 10207 0.533743143081665 0
1260036017_video 111 10208 10378 0.1512983739376068 0
1260036017_video 112 10379 10472 0.047704145312309265 0
1260036017_video 113 10473 10554 0.5551592111587524 0
1260036017_video 114 10555 10608 0.8890419006347656 0
1260036017_video 115 10609 10676 0.6899716854095459 0
1260036017_video 116 10677 10758 0.990947425365448 0
1260036017_video 117 10759 10806 0.9506374001502991 0
1260036017_video 118 10807 10846 0.9761782288551331 0
1260036017_video 119 10847 10886 0.8818835020065308 0
1260036017_video 120 10887 10926 0.4017617404460907 0
1260036017_video 121 10927 10990 0.05839214846491814 0
1260036017_video 122 10991 11072 0.07560525834560394 0
1260036017_video 123 11073 11156 0.04631352797150612 0
1260036017_video 124 11157 11212 0.0038178907707333565 0
1260036017_video 125 11213 11359 0.0032208610791713 0
1260036017_video 126 11360 11437 0.004068371839821339 0
1260036017_video 127 11438 11593 0.03219279274344444 0
1260036017_video 128 11594 11671 0.11632688343524933 0
1260036017_video 129 11672 11735 0.1197219267487526 0
1260036017_video 130 11736 11761 0.15333043038845062 0
1260036017_video 131 11762 11779 0.2571302652359009 0
1260036017_video 132 11780 11881 0.02174401469528675 0
1260036017_video 133 11882 11957 0.03079495206475258 0
1260036017_video 134 11958 12094 0.03007671982049942 0
1260036017_video 135 12095 12134 0.06913913041353226 0
1260036017_video 136 12135 12204 0.028345352038741112 0
1260036017_video 137 12205 12220 0.015918442979454994 0
1260036017_video 138 12221 12277 0.03201967477798462 0
1260036017_video 139 12278 12295 0.04696595296263695 0
1260036017_video 140 12296 12351 0.02642897702753544 0
1260036017_video 141 12352 12406 0.029123838990926743 0
1260036017_video 142 12407 12468 0.014133724384009838 0
1260036017_video 143 12469 12513 0.0066445861011743546 0
1260036017_video 144 12514 12584 0.016987508162856102 0
1260036017_video 145 12585 12650 0.005712723359465599 0
1260036017_video 146 12651 12696 0.001110251061618328 0
1260036017_video 147 12697 12769 0.003455043537542224 0
1260036017_video 148 12770 12786 0.002175167901441455 0
1260036017_video 149 12787 12800 0.018360018730163574 0
1260036017_video 150 12801 12824 0.008832522667944431 0
1260036017_video 151 12825 12895 0.08297518640756607 0
1260036017_video 152 12896 12923 0.09712237119674683 0
1260036017_video 153 12924 12982 0.9953657388687134 0
1260036017_video 154 12983 13038 0.8230495452880859 0
1260036017_video 155 13039 13116 0.7354731559753418 0
1260036017_video 156 13117 13156 0.586392879486084 0
1260036017_video 157 13157 13192 0.5764011740684509 0
1260036017_video 158 13193 13216 0.4686397314071655 0
1260036017_video 159 13217 13258 0.9166247844696045 0
1260036017_video 160 13259 13290 0.7877807021141052 0
1260036017_video 161 13291 13330 0.8324857354164124 0
1260036017_video 162 13331 13372 0.5967945456504822 0
1260036017_video 163 13373 13427 0.9498997926712036 0
1260036017_video 164 13428 13536 0.9415464997291565 0
1260036017_video 165 13537 13637 0.8330598473548889 0
1260036017_video 166 13638 13697 0.6103012561798096 0
1260036017_video 167 13698 13729 0.6613571643829346 0
1260036017_video 168 13730 13777 0.4618917405605316 0
1260036017_video 169 13778 13827 0.3814593255519867 0
1260036017_video 170 13828 13911 0.1537466049194336 0
1260036017_video 171 13912 13938 0.2954905033111572 0
1260036017_video 172 13939 13974 0.2118135690689087 0
1260036017_video 173 13975 14038 0.2231530100107193 0
1260036017_video 174 14039 14090 0.23403121531009674 0
1260036017_video 175 14091 14164 0.061046943068504333 0
1260036017_video 176 14165 14247 0.02490151673555374 0
1260036017_video 177 14248 14276 0.9232063889503479 0
1260036017_video 178 14277 14652 0.8992378115653992 0
1260036017_video 179 14653 14658 0.0673784613609314 0
1260036017_video 180 14659 14661 0.070685476064682 0
1260036017_video 181 14662 14720 0.006902923341840506 0
1260036017_video 182 14721 14726 0.007922501303255558 0
1260036017_video 183 14727 14729 0.007355951704084873 0
1260036017_video 184 14730 14761 0.011363792233169079 0
1260036017_video 185 14762 14904 0.022104032337665558 0
1260036017_video 186 14907 14951 0.005333770532160997 0
1260036017_video 187 14952 14954 0.00187694001942873 0
1260036017_video 188 14955 14992 0.010692753829061985 0
1260036017_video 189 14993 14994 0.002362264087423682 0
1260036017_video 190 14995 15046 0.001499329344369471 0
1260036017_video 191 15047 15056 0.0026099763344973326 0
1260036017_video 192 15057 15087 0.001540926517918706 0
1260036017_video 193 15088 15098 0.005685717798769474 0
1260036017_video 194 15099 15155 0.45730820298194885 0
1260036017_video 195 15156 15419 0.32392701506614685 0
1260036017_video 196 15420 15422 0.03635198622941971 0
1260036017_video 197 15423 15427 0.023842521011829376 0
1260036017_video 198 15428 15449 0.07088074088096619 0
1260036017_video 199 15450 15469 0.27958375215530396 0
1260036017_video 200 15472 15480 0.009098160080611706 0
1260036017_video 201 15481 15483 0.007077640853822231 0
1260036017_video 202 15484 15716 0.051400259137153625 0
1260036017_video 203 15717 15880 0.4267820119857788 0
1260036017_video 204 15884 15910 0.02746480330824852 0
1260036017_video 205 15912 15932 0.007398988585919142 0
1260036017_video 206 15933 15939 0.003685748903080821 0
1260036017_video 207 15941 15955 0.009651302359998226 0
1260036017_video 208 15957 15987 0.011063020676374435 0
1260036017_video 209 15989 15999 0.008560673333704472 0
1260036017_video 210 16002 16015 0.0042037623934447765 0
1260036017_video 211 16016 16029 0.004525479860603809 0
1260036017_video 212 16030 16040 0.002958019496873021 0
1260036017_video 213 16043 16058 0.0038470749277621508 0
1260036017_video 214 16060 16086 0.00100643839687109 0
1260036017_video 215 16087 16091 0.0009357932722195983 0
1260036017_video 216 16093 16103 0.0012076474959030747 0
1260036017_video 217 16105 16116 0.001033729873597622 0
1260036017_video 218 16118 16130 0.001880429103039205 0
1260036017_video 219 16132 16142 0.003314639674499631 0
1260036017_video 220 16146 16160 0.028471479192376137 0
1260036017_video 221 16162 16188 0.06108434870839119 0
1260036017_video 222 16190 16550 0.43710261583328247 0
1260036017_video 223 16551 16622 0.5546183586120605 0
1260036017_video 224 16623 16628 0.0024622618220746517 0
1260036017_video 225 16629 16647 0.008479452691972256 0
1260036017_video 226 16648 16662 0.008162138052284718 0
1260036017_video 227 16663 16672 0.004657622426748276 0
1260036017_video 228 16673 16681 0.00785122998058796 0
1260036017_video 229 16682 16684 0.004619906656444073 0
1260036017_video 230 16685 16691 0.007927142083644867 0
1260036017_video 231 16692 16693 0.0022707569878548384 0
1260036017_video 232 16694 16702 0.0049436017870903015 0
1260036017_video 233 16703 16722 0.002295676153153181 0
1260036017_video 234 16723 16732 0.001142177963629365 0
1260036017_video 235 16733 16770 0.0010711816139519215 0
1260036017_video 236 16771 16776 0.0013798399595543742 0
1260036017_video 237 16777 16783 0.0014883845578879118 0
1260036017_video 238 16784 16796 0.0015437984839081764 0
1260036017_video 239 16797 16803 0.009350989945232868 0
1260036017_video 240 16804 16808 0.047997359186410904 0
1260036017_video 241 16809 16818 0.03061409294605255 0
1260036017_video 242 16819 16824 0.006025426555424929 0
1260036017_video 243 16825 16829 0.11607245355844498 0
1260036017_video 244 16830 17562 0.6314029693603516 0
1260036017_video 245 17564 17683 0.33209696412086487 0
1260036017_video 246 17686 17752 0.4676581025123596 0
1260036017_video 247 17754 18268 0.9868144989013672 0
1260036017_video 248 18269 18338 0.1588234305381775 0
1260036017_video 249 18339 18518 0.032680436968803406 0
1260036017_video 250 18519 18676 0.006905465852469206 0
1260036017_video 251 18677 18722 0.0027191899716854095 0
1260036017_video 252 18723 18788 0.0014747579116374254 0
1260036017_video 253 18789 18875 0.0012992324773222208 0
1260036017_video 254 18876 18953 0.0012020585127174854 0
1260036017_video 255 18954 19009 0.002004569163545966 0
1260036017_video 256 19010 19091 0.0034794951789081097 0
1260036017_video 257 19092 19210 0.005309713538736105 0
1260036017_video 258 19211 19343 0.004873177036643028 0
1260036017_video 259 19344 19407 0.009606657549738884 0
1260036017_video 260 19408 19509 0.0054154712706804276 0
1260036017_video 261 19510 19711 0.009570728987455368 0
1260036017_video 262 19712 19830 0.0059804292395710945 0
1260036017_video 263 19831 19868 0.015651993453502655 0
1260036017_video 264 19869 19964 0.034827057272195816 0
1260036017_video 265 19965 20246 0.025657910853624344 0
1260036017_video 266 20247 20300 0.021265722811222076 0
1260036017_video 267 20301 20410 0.0023787550162523985 0
1260036017_video 268 20411 20529 0.007189661264419556 0
1260036017_video 269 20530 20577 0.06788124889135361 0
1260036017_video 270 20578 20629 0.6420881748199463 0
1260036017_video 271 20630 20689 0.46082803606987 0
1260036017_video 272 20690 20717 0.03006524033844471 0
1260036017_video 273 20718 20746 0.0025043347850441933 0
1260036017_video 274 20747 20774 0.0017451986204832792 0
1260036017_video 275 20775 20825 0.001459600287489593 0
1260036017_video 276 20826 20950 0.020050369203090668 0
1260036017_video 277 20951 20987 0.03721422329545021 0
1260036017_video 278 20988 21035 0.04420077055692673 0
1260036017_video 279 21036 21136 0.9885960221290588 0
1260036017_video 280 21137 21229 0.4008498787879944 0
1260036017_video 281 21230 21361 0.42092666029930115 0
1260036017_video 282 21362 21465 0.2235383242368698 0
1260036017_video 283 21466 21514 0.2685949504375458 0
1260036017_video 284 21515 21539 0.1825876533985138 0
1260036017_video 285 21540 21559 0.6808390617370605 0
1260036017_video 286 21560 21615 0.7661973237991333 0
1260036017_video 287 21616 21666 0.7303674817085266 0
1260036017_video 288 21667 21813 0.9943081736564636 0
1260036017_video 289 21814 22048 0.3391909599304199 0
1260036017_video 290 22049 22092 0.10828735679388046 0
1260036017_video 291 22093 22181 0.16084600985050201 0
1260036017_video 292 22182 22218 0.03587731346487999 0
1260036017_video 293 22219 22274 0.015955079346895218 0
1260036017_video 294 22275 22307 0.014477791264653206 0
1260036017_video 295 22308 22357 0.05290669575333595 0
1260036017_video 296 22358 22428 0.024021364748477936 0
1260036017_video 297 22429 22534 0.21089398860931396 0
1260036017_video 298 22535 22582 0.23740893602371216 0
1260036017_video 299 22583 22823 0.05676615238189697 0
1260036017_video 300 22824 22875 0.08325561136007309 0
1260036017_video 301 22876 22915 0.024630289524793625 0
1260036017_video 302 22916 23074 0.017257578670978546 0
1260036017_video 303 23075 23172 0.05899255350232124 0
1260036017_video 304 23173 23223 0.09901938587427139 0
1260036017_video 305 23224 23279 0.03184953331947327 0
1260036017_video 306 23280 23342 0.02334257774055004 0
1260036017_video 307 23343 23526 0.03084491938352585 0
1260036017_video 308 23527 23546 0.0940278172492981 0
1260036017_video 309 23547 23574 0.07082721590995789 0
1260036017_video 310 23575 23779 0.015030375681817532 0
1260036017_video 311 23780 23811 0.031003093346953392 0
1260036017_video 312 23812 23951 0.1628410667181015 0
1260036017_video 313 23952 23994 0.18792866170406342 0
1260036017_video 314 23995 24103 0.09810379147529602 0
1260036017_video 315 24104 24182 0.038829803466796875 0
1260036017_video 316 24183 24272 0.022885436192154884 0
1260036017_video 317 24273 24308 0.03547175973653793 0
1260036017_video 318 24309 24428 0.04664907231926918 0
1260036017_video 319 24429 24486 0.0888647586107254 0
1260036017_video 320 24487 24601 0.015851803123950958 0
1260036017_video 321 24602 24629 0.05617113411426544 0
1260036017_video 322 24630 24653 0.053874529898166656 0
1260036017_video 323 24654 24673 0.06744309514760971 0
1260036017_video 324 24674 24693 0.04747147485613823 0
1260036017_video 325 24694 24745 0.010961055755615234 0
1260036017_video 326 24746 24842 0.003962486982345581 0
1260036017_video 327 24843 24900 0.004165795166045427 0
1260036017_video 328 24901 25001 0.002971408423036337 0
1260036017_video 329 25002 25038 0.014442449435591698 0
1260036017_video 330 25039 25232 0.006148966960608959 0
1260036017_video 331 25233 25264 0.004487029276788235 0
1260036017_video 332 25265 25454 0.005498572718352079 0
1260036017_video 333 25455 25535 0.01290204655379057 0
1260036017_video 334 25536 25755 0.005594817455857992 0
1260036017_video 335 25756 25781 0.010211951099336147 0
1260036017_video 336 25782 25803 0.01213017012923956 0
1260036017_video 337 25804 25846 0.003907289355993271 0
1260036017_video 338 25847 26031 0.009930106811225414 0
1260036017_video 339 26032 26089 0.006265177391469479 0
1260036017_video 340 26090 26117 0.02206125110387802 0
1260036017_video 341 26118 26179 0.344508558511734 0
1260036017_video 342 26180 26267 0.9907379746437073 0
1260036017_video 343 26268 26584 0.5037771463394165 0
1260036017_video 344 26585 26699 0.22803626954555511 0
1260036017_video 345 26700 26755 0.03151436895132065 0
1260036017_video 346 26756 26803 0.031094977632164955 0
1260036017_video 347 26804 26872 0.010053906589746475 0
1260036017_video 348 26873 26968 0.009313308633863926 0
1260036017_video 349 26969 27141 0.005045315716415644 0
1260036017_video 350 27142 27252 0.006868300493806601 0
1260036017_video 351 27253 27312 0.01378343254327774 0
1260036017_video 352 27313 27503 0.008125723339617252 0
1260036017_video 353 27504 27586 0.003303808392956853 0
1260036017_video 354 27587 27631 0.01120695099234581 0
1260036017_video 355 27632 27706 0.0031637721695005894 0
1260036017_video 356 27707 27833 0.005731860175728798 0
1260036017_video 357 27834 27932 0.002963927574455738 0
1260036017_video 358 27933 27972 0.016803134232759476 0
1260036017_video 359 27973 28192 0.21495355665683746 0
1260036017_video 360 28193 28341 0.9645459651947021 0
1260036017_video 361 28342 28430 0.8397232890129089 0
1260036017_video 362 28431 28814 0.6353018879890442 0
1260036017_video 363 28815 28902 0.7845224142074585 0
1260036017_video 364 28903 29152 0.8576898574829102 0
1260036017_video 365 29153 29248 0.49954625964164734 0
1260036017_video 366 29249 29320 0.7068467140197754 0
1260036017_video 367 29321 29628 0.7229375839233398 0
1260036017_video 368 29629 29724 0.6542298197746277 0
1260036017_video 369 29725 29898 0.3356608748435974 0
1260036017_video 370 29899 29954 0.04367275536060333 0
1260036017_video 371 29955 30027 0.02862125262618065 0
1260036017_video 372 30028 30630 0.05350327119231224 0
1260036017_video 373 30631 30715 0.16705730557441711 0
1260036017_video 374 30716 30797 0.02979777194559574 0
1260036017_video 375 30798 30901 0.5887168645858765 0
1260036017_video 376 30902 30979 0.5126112699508667 0
1260036017_video 377 30980 31189 0.2421358972787857 0
1260036017_video 378 31190 31351 0.03612252324819565 0
1260036017_video 379 31352 31414 0.11744831502437592 0
1260036017_video 380 31415 31506 0.03395671397447586 0
1260036017_video 381 31507 31609 0.0931057259440422 0
1260036017_video 382 31610 31785 0.05073075741529465 0
1260036017_video 383 31786 31828 0.03173340484499931 0
1260036017_video 384 31829 31904 0.014513942413032055 0
1260036017_video 385 31905 31981 0.5827035903930664 0
1260036017_video 386 31982 32284 0.02874670922756195 0
1260036017_video 387 32285 32360 0.004383269231766462 0
1260036017_video 388 32361 32453 0.0019959888886660337 0
1260036017_video 389 32454 32496 0.0027798539958894253 0
1260036017_video 390 32497 32619 0.0019068233668804169 0
1260036017_video 391 32620 32674 0.005866489838808775 0
1260036017_video 392 32675 32714 0.002136676572263241 0
1260036017_video 393 32715 32749 0.003228392917662859 0
1260036017_video 394 32750 32836 0.0024419561959803104 0
1260036017_video 395 32837 32898 0.005673648323863745 0
1260036017_video 396 32899 32987 0.002426674822345376 0
1260036017_video 397 32988 33116 0.002523656701669097 0
1260036017_video 398 33117 33179 0.0016561616212129593 0
1260036017_video 399 33180 33236 0.0016136635094881058 0
1260036017_video 400 33237 33276 0.0007217418751679361 0
1260036017_video 401 33277 33309 0.0010723129380494356 0
1260036017_video 402 33310 33535 0.0010918034240603447 0
1260036017_video 403 33536 33646 0.002705087885260582 0
1260036017_video 404 33647 33733 0.01763535663485527 0
1260036017_video 405 33734 33781 0.07013815641403198 0
1260036017_video 406 33782 34049 0.9946075677871704 0
1260036017_video 407 34050 34460 0.9320685863494873 0
1260036017_video 408 34461 34545 0.8578469157218933 0
1260036017_video 409 34546 34597 0.6943174600601196 0
1260036017_video 410 34598 34653 0.2735290229320526 0
1260036017_video 411 34654 34711 0.21648810803890228 0
1260036017_video 412 34712 34906 0.0521400012075901 0
1260036017_video 413 34907 34978 0.05229804664850235 0
1260036017_video 414 34979 35106 0.03387075662612915 0
1260036017_video 415 35107 35249 0.011749062687158585 0
1260036017_video 416 35250 35277 0.15226858854293823 0
1260036017_video 417 35278 35579 0.2510432004928589 0
1260036017_video 418 35580 35661 0.14725761115550995 0
1260036017_video 419 35662 35923 0.078219935297966 0
1260036017_video 420 35924 36040 0.02625209465622902 0
1260036017_video 421 36041 36103 0.03735741600394249 0
1260036017_video 422 36104 36168 0.09290827810764313 0
1260036017_video 423 36169 36215 0.05144749954342842 0
1260036017_video 424 36216 36272 0.025276310741901398 0
1260036017_video 425 36273 36329 0.011465862393379211 0
1260036017_video 426 36330 36362 0.039941225200891495 0
1260036017_video 427 36363 36417 0.023417361080646515 0
1260036017_video 428 36418 36447 0.016435042023658752 0
1260036017_video 429 36448 36489 0.02031945064663887 0
1260036017_video 430 36490 36531 0.5875453948974609 0
1260036017_video 431 36532 36659 0.719129741191864 0
1260036017_video 432 36660 36743 0.34189340472221375 0
1260036017_video 433 36744 36791 0.13099025189876556 0
1260036017_video 434 36792 37128 0.0503973588347435 0
1260036017_video 435 37129 37160 0.08317696303129196 0
1260036017_video 436 37161 37213 0.4805160462856293 0
1260036017_video 437 37214 37270 0.2356572151184082 0
1260036017_video 438 37271 37327 0.892975389957428 0
1260036017_video 439 37328 37427 0.9932899475097656 0
1260036017_video 440 37428 37605 0.8108158111572266 0
1260036017_video 441 37606 38034 0.5680558681488037 0
1260036017_video 442 38035 38098 0.4938472807407379 0
1260036017_video 443 38099 38188 0.11576403677463531 0
1260036017_video 444 38189 38350 0.025840675458312035 0
1260036017_video 445 38351 38386 0.012167642824351788 0
1260036017_video 446 38387 38509 0.0028689149767160416 0
1260036017_video 447 38510 38540 0.0017829107819125056 0
1260036017_video 448 38541 38569 0.0013750283978879452 0
1260036017_video 449 38570 38607 0.0019047182286158204 0
1260036017_video 450 38608 38686 0.002207578858360648 0
1260036017_video 451 38687 38729 0.004902475979179144 0
1260036017_video 452 38730 38772 0.45038098096847534 0
1260036017_video 453 38773 38817 0.13448777794837952 0
1260036017_video 454 38818 38872 0.017290305346250534 0
1260036017_video 455 38873 38908 0.1844712346792221 0
1260036017_video 456 38909 39056 0.9939755797386169 0
1260036017_video 457 39057 39112 0.9516644477844238 0
1260036017_video 458 39113 39282 0.30621588230133057 0
1260036017_video 459 39283 39314 0.831268846988678 0
1260036017_video 460 39315 39358 0.740584671497345 0
1260036017_video 461 39359 39394 0.6898093819618225 0
1260036017_video 462 39395 39557 0.22109362483024597 0
1260036017_video 463 39558 39581 0.12266134470701218 0
1260036017_video 464 39582 39641 0.6925786137580872 0
1260036017_video 465 39642 39796 0.6496863961219788 0
1260036017_video 466 39797 39883 0.4890139698982239 0
1260036017_video 467 39884 39946 0.21117235720157623 0
1260036017_video 468 39947 39999 0.9483330249786377 0
1260036017_video 469 40000 40176 0.49038413166999817 0
1260036017_video 470 40177 40286 0.32519057393074036 0
1260036017_video 471 40287 40393 0.33562910556793213 0
1260036017_video 472 40394 40445 0.7351813912391663 0
1260036017_video 473 40446 40506 0.4825422167778015 0
1260036017_video 474 40507 40808 0.6619307398796082 0
1260036017_video 475 40809 40980 0.2654818296432495 0
1260036017_video 476 40981 41021 0.887660562992096 0
1260036017_video 477 41022 41057 0.44259122014045715 0
1260036017_video 478 41058 41096 0.2737252414226532 0
1260036017_video 479 41097 41170 0.817808985710144 0
1260036017_video 480 41171 41373 0.9383226037025452 0
1260036017_video 481 41374 41445 0.7678719758987427 0
1260036017_video 482 41446 41605 0.8471207618713379 0
1260036017_video 483 41606 41678 0.629383385181427 0
1260036017_video 484 41679 41882 0.8731803894042969 0
1260036017_video 485 41883 42002 0.7703245878219604 0
1260036017_video 486 42003 42042 0.04342902451753616 0
1260036017_video 487 42043 42090 0.05700745806097984 0
1260036017_video 488 42091 42130 0.8767377138137817 0
1260036017_video 489 42131 42142 0.7608067393302917 0
1260036017_video 490 42143 42384 0.4880492687225342 0
1260036017_video 491 42385 42463 0.8582990169525146 0
1260036017_video 492 42464 42519 0.274599552154541 0
1260036017_video 493 42520 42565 0.11730197072029114 0
1260036017_video 494 42566 42593 0.08300583809614182 0
1260036017_video 495 42594 42684 0.12947508692741394 0
1260036017_video 496 42685 42748 0.012140299193561077 0
1260036017_video 497 42749 42783 0.007990462705492973 0
1260036017_video 498 42784 42854 0.01259692944586277 0
1260036017_video 499 42855 43097 0.6763637065887451 0
1260036017_video 500 43098 43183 0.5390599966049194 0
1260036017_video 501 43184 43228 0.3022693693637848 0
1260036017_video 502 43229 43252 0.387431263923645 0
1260036017_video 503 43253 43292 0.2597333788871765 0
1260036017_video 504 43293 43343 0.5282465219497681 0
1260036017_video 505 43344 43425 0.8023478984832764 0
1260036017_video 506 43426 43534 0.7025577425956726 0
1260036017_video 507 43535 43568 0.2841426134109497 0
1260036017_video 508 43569 43719 0.32478100061416626 0
1260036017_video 509 43720 43947 0.22866883873939514 0
1260036017_video 510 43948 43977 0.3578130304813385 0
1260036017_video 511 43978 44090 0.1346725970506668 0
1260036017_video 512 44091 44219 0.03878319263458252 0
1260036017_video 513 44220 44294 0.1873776912689209 0
1260036017_video 514 44295 44324 0.05600249022245407 0
1260036017_video 515 44325 44372 0.053745757788419724 0
1260036017_video 516 44373 44494 0.09317395091056824 0
1260036017_video 517 44495 44643 0.11310628801584244 0
1260036017_video 518 44644 44682 0.39481520652770996 0
1260036017_video 519 44683 44777 0.07812252640724182 0
1260036017_video 520 44778 44858 0.005474480334669352 0
1260036017_video 521 44859 44951 0.009575990960001945 0
1260036017_video 522 44952 45185 0.1422877013683319 0
1260036017_video 523 45186 45209 0.04546303302049637 0
1260036017_video 524 45210 45283 0.0035867723636329174 0
1260036017_video 525 45284 45307 0.006630541756749153 0
1260036017_video 526 45308 45430 0.016784513369202614 0
1260036017_video 527 45431 45497 0.9824302196502686 0
1260036017_video 528 45498 45681 0.717383623123169 0
1260036017_video 529 45682 45928 0.263174444437027 0
1260036017_video 530 45930 45992 0.008597645908594131 0
1260036017_video 531 45994 46111 0.012678809463977814 0
1260036017_video 532 46113 46160 0.06372946500778198 0
1260036017_video 533 46161 46531 0.06521225720643997 0
1260036017_video 534 46532 46571 0.005321858450770378 0
1260036017_video 535 46572 46624 0.07389282435178757 0
1260036017_video 536 46625 46652 0.02637327089905739 0
1260036017_video 537 46653 46701 0.009848474524915218 0
1260036017_video 538 46702 46725 0.06553933024406433 0
1260036017_video 539 46726 46779 0.06767549365758896 0
1260036017_video 540 46780 46797 0.026704294607043266 0
1260036017_video 541 46798 46889 0.11356043070554733 0
1260036017_video 542 46890 46914 0.06817879527807236 0
1260036017_video 543 46916 46929 0.21069034934043884 0
1260036017_video 544 46930 46965 0.07895335555076599 0
1260036017_video 545 46966 47011 0.2126101702451706 0
1260036017_video 546 47012 47037 0.5813703536987305 0
1260036017_video 547 47038 47085 0.1255498230457306 0
1260036017_video 548 47086 47143 0.01709829643368721 0
1260036017_video 549 47144 47186 0.017438102513551712 0
1260036017_video 550 47187 47232 0.03677413985133171 0
1260036017_video 551 47233 47268 0.0075156306847929955 0
1260036017_video 552 47269 47325 0.03672237694263458 0
1260036017_video 553 47326 47387 0.03359399363398552 0
1260036017_video 554 47388 47408 0.25276437401771545 0
1260036017_video 555 47409 47440 0.9810978174209595 0
1260036017_video 556 47441 47591 0.3989669978618622 0
1260036017_video 557 47592 47994 0.07736940681934357 0
1260036017_video 558 47995 48505 0.9885836839675903 0
1260036017_video 559 48506 48567 0.9662480354309082 0
1260036017_video 560 48568 48637 0.4054153263568878 0
1260036017_video 561 48638 48677 0.11761368066072464 0
1260036017_video 562 48678 48812 0.3615485727787018 0
1260036017_video 563 48813 48845 0.09552738070487976 0
1260036017_video 564 48846 48870 0.00949806347489357 0
1260036017_video 565 48871 48882 0.015757810324430466 0
1260036017_video 566 48883 48910 0.014278295449912548 0
1260036017_video 567 48911 48985 0.032876335084438324 0
1260036017_video 568 48986 49040 0.9961118102073669 0
1260036017_video 569 49041 49098 0.6090964078903198 0
1260036017_video 570 49099 49137 0.23245736956596375 0
1260036017_video 571 49138 49170 0.5621647834777832 0
1260036017_video 572 49171 49260 0.9470239281654358 0
1260036017_video 573 49261 49289 0.3395741581916809 0
1260036017_video 574 49290 49347 0.029641900211572647 0
1260036017_video 575 49348 49376 0.07278279215097427 0
1260036017_video 576 49377 49433 0.9083497524261475 0
1260036017_video 577 49434 49545 0.5332192182540894 0
1260036017_video 578 49546 49588 0.15579940378665924 0
1260036017_video 579 49589 49660 0.9122092723846436 0
1260036017_video 580 49661 49703 0.9401597380638123 0
1260036017_video 581 49704 49760 0.3415006697177887 0
1260036017_video 582 49761 49789 0.08243793994188309 0
1260036017_video 583 49790 49824 0.9663660526275635 0
1260036017_video 584 49825 50063 0.9553093910217285 0
1260036017_video 585 50064 50193 0.5082360506057739 0
1260036017_video 586 50194 50229 0.1243625283241272 0
1260036017_video 587 50230 50268 0.022641507908701897 0
1260036017_video 588 50269 50304 0.017875926569104195 0
1260036017_video 589 50305 50331 0.027436701580882072 0
1260036017_video 590 50332 50365 0.7544916272163391 0
1260036017_video 591 50366 50394 0.7965262532234192 0
1260036017_video 592 50395 50480 0.4201633334159851 0
1260036017_video 593 50481 50509 0.0746556967496872 0
1260036017_video 594 50510 50632 0.33767008781433105 0
1260036017_video 595 50633 50653 0.9491702318191528 0
1260036017_video 596 50654 50711 0.4675133228302002 0
1260036017_video 597 50712 50739 0.8963409066200256 0
1260036017_video 598 50740 50826 0.9897088408470154 0
1260036017_video 599 50827 50883 0.8818090558052063 0
1260036017_video 600 50884 50937 0.373905211687088 0
1260036017_video 601 50938 50971 0.33506497740745544 0
1260036017_video 602 50972 51012 0.9196627140045166 0
1260036017_video 603 51013 51057 0.43308284878730774 0
1260036017_video 604 51058 51085 0.28646305203437805 0
1260036017_video 605 51086 51115 0.1365606188774109 0
1260036017_video 606 51116 51120 0.12168645858764648 0
1260036017_video 607 51121 51143 0.374553918838501 0
1260036017_video 608 51144 51186 0.9856911301612854 0
1260036017_video 609 51187 51345 0.8465068936347961 0
1260036017_video 610 51346 51384 0.9867557287216187 0
1260036017_video 611 51385 51488 0.7725200057029724 0
1260036017_video 612 51489 51593 0.9830803871154785 0
1260036017_video 613 51594 51633 0.9639517664909363 0
1260036017_video 614 51634 51690 0.9856172204017639 0
1260036017_video 615 51691 51781 0.8559434413909912 0
1260036017_video 616 51782 51881 0.6652151942253113 0
1260036017_video 617 51882 51998 0.9626811146736145 0
1260036017_video 618 51999 52061 0.9875045418739319 0
1260036017_video 619 52062 52108 0.8549376726150513 0
1260036017_video 620 52109 52140 0.9850754737854004 0
1260036017_video 621 52141 52162 0.5764977335929871 0
1260036017_video 622 52163 52198 0.9750902652740479 0
1260036017_video 623 52199 52234 0.9580293893814087 0
1260036017_video 624 52235 52274 0.8835257887840271 0
1260036017_video 625 52275 52306 0.9661827087402344 0
1260036017_video 626 52307 52349 0.2990819215774536 0
1260036017_video 627 52350 52522 0.09648531675338745 0
1260036017_video 628 52523 52597 0.039134103804826736 0
1260036017_video 629 52598 52678 0.0508858859539032 0
1260036017_video 630 52679 52778 0.9890246987342834 0
1260036017_video 631 52779 52850 0.9023513197898865 0
1260036017_video 632 52851 52971 0.12866374850273132 0
1260036017_video 633 52972 53037 0.008749067783355713 0
1260036017_video 634 53038 53198 0.013065421022474766 0
1260036017_video 635 53199 53292 0.012041582725942135 0
1260036017_video 636 53293 53330 0.024549713358283043 0
1260036017_video 637 53331 53500 0.196163609623909 0
1260036017_video 638 53501 53542 0.4451963007450104 0
1260036017_video 639 53543 53573 0.3152686059474945 0
1260036017_video 640 53574 53607 0.8827348351478577 0
1260036017_video 641 53608 53655 0.633878767490387 0
1260036017_video 642 53656 53740 0.13119520246982574 0
1260036017_video 643 53741 53772 0.00702444976195693 0
1260036017_video 644 53773 53806 0.0037691700272262096 0
1260036017_video 645 53807 53834 0.004948598798364401 0
1260036017_video 646 53835 53912 0.005751892924308777 0
1260036017_video 647 53913 53964 0.008661266416311264 0
1260036017_video 648 53965 53998 0.030821820721030235 0
1260036017_video 649 53999 54026 0.008137576282024384 0
1260036017_video 650 54027 54142 0.00560144055634737 0
1260036017_video 651 54143 54299 0.006107482593506575 0
1260036017_video 652 54300 54327 0.0021484133321791887 0
1260036017_video 653 54328 54351 0.00452629616484046 0
1260036017_video 654 54352 54392 0.003713421756401658 0
1260036017_video 655 54393 54454 0.04860978201031685 0
1260036017_video 656 54455 54557 0.006137353368103504 0
1260036017_video 657 54558 54584 0.01892300322651863 0
1260036017_video 658 54585 54610 0.0047004614025354385 0
1260036017_video 659 54611 54647 0.0027476155664771795 0
1260036017_video 660 54648 54669 0.001655075466260314 0
1260036017_video 661 54670 54708 0.004063127562403679 0
1260036017_video 662 54709 54741 0.13357789814472198 0
1260036017_video 663 54742 54772 0.22577953338623047 0
1260036017_video 664 54773 54817 0.02829335816204548 0
1260036017_video 665 54818 54849 0.0022244490683078766 0
1260036017_video 666 54850 54933 0.004051010590046644 0
1260036017_video 667 54934 54969 0.0027248021215200424 0
1260036017_video 668 54970 54989 0.0022356961853802204 0
1260036017_video 669 54990 55038 0.0034326529130339622 0
1260036017_video 670 55039 55073 0.013103137724101543 0
1260036017_video 671 55074 55103 0.00961823295801878 0
1260036017_video 672 55104 55121 0.03858610615134239 0
1260036017_video 673 55122 55139 0.006930416449904442 0
1260036017_video 674 55140 55155 0.015441855415701866 0
1260036017_video 675 55156 55173 0.007616627961397171 0
1260036017_video 676 55174 55189 0.01322565320879221 0
1260036017_video 677 55190 55217 0.017168821766972542 0
1260036017_video 678 55218 55253 0.0029264185577630997 0
1260036017_video 679 55254 55300 0.006183242425322533 0
1260036017_video 680 55301 55321 0.008577914908528328 0
1260036017_video 681 55322 55390 0.004586793482303619 0
1260036017_video 682 55391 55419 0.015115571208298206 0
1260036017_video 683 55420 55446 0.005683378782123327 0
1260036017_video 684 55447 55512 0.010110892355442047 0
1260036017_video 685 55513 55556 0.01020654384046793 0
1260036017_video 686 55557 55595 0.007725680712610483 0
1260036017_video 687 55596 55694 0.04067206010222435 0
1260036017_video 688 55695 55735 0.01795024611055851 0
1260036017_video 689 55736 55902 0.007384131196886301 0
1260036017_video 690 55903 56027 0.0022455353755503893 0
1260036017_video 691 56028 56115 0.0027249278500676155 0
1260036017_video 692 56116 56139 0.0018467269837856293 0
1260036017_video 693 56140 56168 0.005659001413732767 0
1260036017_video 694 56169 56192 0.027074063196778297 0
1260036017_video 695 56193 56300 0.9968737363815308 0
1260036017_video 696 56301 56382 0.8565362691879272 0
1260036017_video 697 56383 56418 0.22554968297481537 0
1260036017_video 698 56419 56454 0.06525101512670517 0
1260036017_video 699 56455 56504 0.014494852162897587 0
1260036017_video 700 56505 56535 0.015009332448244095 0
1260036017_video 701 56536 56564 0.013199826702475548 0
1260036017_video 702 56565 56610 0.02327357977628708 0
1260036017_video 703 56611 56635 0.03253774717450142 0
1260036017_video 704 56636 56678 0.21198908984661102 0
1260036017_video 705 56679 56718 0.38216230273246765 0
1260036017_video 706 56719 57556 0.9835253953933716 0
1260036017_video 707 57557 57628 0.9032236933708191 0
1260036017_video 708 57629 57674 0.6276800036430359 0
1260036017_video 709 57675 57781 0.2153398096561432 0
1260036017_video 710 57782 57832 0.280950129032135 0
1260036017_video 711 57833 58126 0.29162484407424927 0
1260036017_video 712 58127 58535 0.9801441431045532 0
1260036017_video 713 58536 58607 0.9656533002853394 0
1260036017_video 714 58608 58771 0.33571597933769226 0
1260036017_video 715 58772 58897 0.17724758386611938 0
1260036017_video 716 58898 59041 0.31740736961364746 0
1260036017_video 717 59042 59125 0.08820647746324539 0
1260036017_video 718 59126 59230 0.7395817637443542 0
1260036017_video 719 59231 59297 0.7474088668823242 0
1260036017_video 720 59298 59476 0.27379751205444336 0
1260036017_video 721 59477 59562 0.022976841777563095 0
1260036017_video 722 59563 59673 0.34953147172927856 0
1260036017_video 723 59674 59856 0.9106644988059998 0
1260036017_video 724 59865 59867 0.4715760052204132 0
1260036017_video 725 59868 59881 0.9687339067459106 0
1260036017_video 726 59882 60373 0.06657372415065765 0
1260036017_video 727 60374 60548 0.011645243503153324 0
1260036017_video 728 60549 60580 0.012981611303985119 0
1260036017_video 729 60581 60625 0.2251117080450058 0
1260036017_video 730 60626 60759 0.03450135886669159 0
1260036017_video 731 60760 60839 0.01239470113068819 0
1260036017_video 732 60840 60881 0.03570108488202095 0
1260036017_video 733 60882 60907 0.07294774055480957 0
1260036017_video 734 60908 60998 0.1702301949262619 0
1260036017_video 735 60999 61024 0.012923172675073147 0
1260036017_video 736 61025 61050 0.022603753954172134 0
1260036017_video 737 61051 61151 0.0189451202750206 0
1260036017_video 738 61152 61253 0.03015427105128765 0
1260036017_video 739 61254 61321 0.012078499421477318 0
1260036017_video 740 61322 61364 0.005905765108764172 0
1260036017_video 741 61365 61414 0.3600945770740509 0
1260036017_video 742 61415 61557 0.9943104982376099 0
1260036017_video 743 61558 61613 0.21021117269992828 0
1260036017_video 744 61614 61676 0.3671465814113617 0
1260036017_video 745 61677 61854 0.0800430178642273 0
1260036017_video 746 61855 61918 0.033635057508945465 0
1260036017_video 747 61919 62047 0.04331376776099205 0
1260036017_video 748 62048 62170 0.26717454195022583 0
1260036017_video 749 62171 62400 0.10447738319635391 0
1260036017_video 750 62401 62541 0.0028041654732078314 0
1260036017_video 751 62542 62704 0.002314201323315501 0
1260036017_video 752 62705 62770 0.03033035434782505 0
1260036017_video 753 62771 62836 0.06476100534200668 0
1260036017_video 754 62837 63335 0.16027459502220154 0
1260036017_video 755 63336 63589 0.9952419996261597 0
1260036017_video 756 63590 63619 0.14017169177532196 0
1260036017_video 757 63620 63659 0.03053371235728264 0
1260036017_video 758 63660 63688 0.9136703014373779 0
1260036017_video 759 63689 63786 0.4597184956073761 0
1260036017_video 760 63787 63818 0.19391706585884094 0
1260036017_video 761 63819 63861 0.2052624523639679 0
1260036017_video 762 63862 63912 0.361592561006546 0
1260036017_video 763 63913 63966 0.2700687646865845 0
1260036017_video 764 63967 64048 0.10190841555595398 0
1260036017_video 765 64049 64091 0.4803713262081146 0
1260036017_video 766 64092 64128 0.2516528069972992 0
1260036017_video 767 64129 64189 0.8851810097694397 0
1260036017_video 768 64190 64254 0.9580608010292053 0
1260036017_video 769 64255 64473 0.6556668281555176 0
1260036017_video 770 64474 64538 0.2020225077867508 0
1260036017_video 771 64539 64604 0.027677590027451515 0
1260036017_video 772 64605 64669 0.050999779254198074 0
1260036017_video 773 64670 64793 0.02606036141514778 0
1260036017_video 774 64794 64885 0.011566629633307457 0
1260036017_video 775 64886 65095 0.040150947868824005 0
1260036017_video 776 65096 65160 0.5124797224998474 0
1260036017_video 777 65161 65226 0.10305328667163849 0
1260036017_video 778 65227 65291 0.01223220955580473 0
1260036017_video 779 65292 65389 0.03154677897691727 0
1260036017_video 780 65390 65477 0.3112717270851135 0
1260036017_video 781 65478 65517 0.21214468777179718 0
1260036017_video 782 65518 65731 0.05502231419086456 0
1260036017_video 783 65732 65792 0.008238964714109898 0
1260036017_video 784 65793 65894 0.03922842815518379 0
1260036017_video 785 65899 65937 0.5629604458808899 0
1260036017_video 786 65955 66160 0.11028573662042618 0
1260036017_video 787 66161 66221 0.008222991600632668 0
1260036017_video 788 66222 66273 0.00516141951084137 0
1260036017_video 789 66274 66344 0.0026180606801062822 0
1260036017_video 790 66345 66406 0.02535933256149292 0
1260036017_video 791 66407 66466 0.10466502606868744 0
1260036017_video 792 66467 66931 0.7807878255844116 0
1260036017_video 793 66934 67304 0.9664297103881836 0
1260036017_video 794 67305 67489 0.08567935228347778 0
1260036017_video 795 67490 67572 0.10673922300338745 0
1260036017_video 796 67573 67624 0.02117842063307762 0
1260036017_video 797 67625 67695 0.018380995839834213 0
1260036017_video 798 67696 67739 0.06050635874271393 0
1260036017_video 799 67740 67776 0.025398574769496918 0
1260036017_video 800 67777 67965 0.08365976065397263 0
1260036017_video 801 67966 68022 0.1312178671360016 0
1260036017_video 802 68023 68111 0.3581494987010956 0
1260036017_video 803 68112 68224 0.021276772022247314 0
1260036017_video 804 68225 68316 0.09254060685634613 0
1260036017_video 805 68317 68460 0.017393453046679497 0
1260036017_video 806 68461 68508 0.09123748540878296 0
1260036017_video 807 68509 68561 0.026047954335808754 0
1260036017_video 808 68562 68702 0.031963739544153214 0
1260036017_video 809 68703 68870 0.02271846868097782 0
1260036017_video 810 68871 68980 0.022256581112742424 0
1260036017_video 811 68981 69114 0.012853269465267658 0
1260036017_video 812 69115 69236 0.11528008431196213 0
1260036017_video 813 69237 69331 0.3099668622016907 0
1260036017_video 814 69332 69620 0.9457951188087463 0
1260036017_video 815 69623 69635 0.9625266194343567 0
1260036017_video 816 69636 69667 0.9709327816963196 0
1260036017_video 817 69668 69731 0.9602502584457397 0
1260036017_video 818 69732 71118 0.4172566831111908 0
1260036017_video 819 71121 71251 0.8163271546363831 0
1260036017_video 820 71252 71308 0.3086082935333252 0
1260036017_video 821 71309 71377 0.20077058672904968 0
1260036017_video 822 71378 71425 0.023751651868224144 0
1260036017_video 823 71426 71504 0.02650637924671173 0
1260036017_video 824 71505 71544 0.023254798725247383 0
1260036017_video 825 71545 71589 0.34248679876327515 0
1260036017_video 826 71590 71633 0.32645851373672485 0
1260036017_video 827 71634 71692 0.1137327253818512 0
1260036017_video 828 71693 71799 0.060706671327352524 0
1260036017_video 829 71800 71820 0.009631045162677765 0
1260036017_video 830 71821 71981 0.010945294983685017 0
1260036017_video 831 71982 71993 0.014110634103417397 0
1260036017_video 832 71994 72028 0.006801537238061428 0
1260036017_video 833 72029 72064 0.0119159035384655 0
1260036017_video 834 72065 72128 0.017610756680369377 0
1260036017_video 835 72129 72176 0.007277948781847954 0
1260036017_video 836 72177 72372 0.22077664732933044 0
1260036017_video 837 72373 72515 0.030154084786772728 0
1260036017_video 838 72516 72551 0.023944834247231483 0
1260036017_video 839 72552 72585 0.03369610011577606 0
1260036017_video 840 72586 72657 0.011380460113286972 0
1260036017_video 841 72658 72737 0.002046458190307021 0
1260036017_video 842 72738 72773 0.009212267585098743 0
1260036017_video 843 72774 72822 0.21610882878303528 0
1260036017_video 844 72823 72861 0.09608017653226852 0
1260036017_video 845 72862 72901 0.006287011317908764 0
1260036017_video 846 72902 72953 0.006823508534580469 0
1260036017_video 847 72954 73002 0.0056682066060602665 0
1260036017_video 848 73003 73047 0.0829903781414032 0
1260036017_video 849 73048 73159 0.04595664516091347 0
1260036017_video 850 73160 73202 0.005013634916394949 0
1260036017_video 851 73203 73254 0.006873434409499168 0
1260036017_video 852 73255 73284 0.006569618824869394 0
1260036017_video 853 73285 73314 0.012718730606138706 0
1260036017_video 854 73315 73353 0.0999082401394844 0
1260036017_video 855 73354 73509 0.9961447715759277 0
1260036017_video 856 73510 73589 0.938569962978363 0
1260036017_video 857 73590 73649 0.3780878484249115 0
1260036017_video 858 73650 73731 0.06397811323404312 0
1260036017_video 859 73732 73820 0.03544463962316513 0
1260036017_video 860 73821 73908 0.05160382017493248 0
1260036017_video 861 73909 73974 0.06745845824480057 0
1260036017_video 862 73975 74060 0.052741002291440964 0
1260036017_video 863 74061 74120 0.020072152838110924 0
1260036017_video 864 74121 74152 0.006116209551692009 0
1260036017_video 865 74153 74228 0.0022300451528280973 0
1260036017_video 866 74229 74260 0.0023195780813694 0
1260036017_video 867 74261 74323 0.004297551233321428 0
1260036017_video 868 74324 74415 0.005153238773345947 0
1260036017_video 869 74416 74447 0.006229327991604805 0
1260036017_video 870 74448 74551 0.16086345911026 0
1260036017_video 871 74552 74707 0.9834790229797363 0
1260036017_video 872 74708 74779 0.9160816073417664 0
1260036017_video 873 74780 74931 0.5644078254699707 0
1260036017_video 874 74932 74995 0.4389381408691406 0
1260036017_video 875 74996 75022 0.2131568193435669 0
1260036017_video 876 75023 75046 0.3063560426235199 0
1260036017_video 877 75047 75132 0.06510479003190994 0
1260036017_video 878 75133 75244 0.0630287304520607 0
1260036017_video 879 75245 75288 0.016978606581687927 0
1260036017_video 880 75289 75367 0.002392941853031516 0
1260036017_video 881 75368 75417 0.002449742052704096 0
1260036017_video 882 75418 75484 0.002385565545409918 0
1260036017_video 883 75485 75555 0.0022097951732575893 0
1260036017_video 884 75556 75661 0.003220059210434556 0
1260036017_video 885 75662 75720 0.0013614860363304615 0
1260036017_video 886 75721 75819 0.0040816995315253735 0
1260036017_video 887 75820 75979 0.013740051537752151 0
1260036017_video 888 75980 76018 0.21014130115509033 0
1260036017_video 889 76019 76101 0.34637361764907837 0
1260036017_video 890 76102 76180 0.11282307654619217 0
1260036017_video 891 76181 76339 0.03495948761701584 0
1260036017_video 892 76340 76472 0.04584629461169243 0
1260036017_video 893 76473 76552 0.00460902089253068 0
1260036017_video 894 76553 76598 0.003110692137852311 0
1260036017_video 895 76599 76658 0.0036677317693829536 0
1260036017_video 896 76659 76773 0.007823646999895573 0
1260036017_video 897 76774 76889 0.0033862667623907328 0
1260036017_video 898 76890 76917 0.001065399032086134 0
1260036017_video 899 76918 76960 0.0006821354618296027 0
1260036017_video 900 76961 77009 0.0008160099387168884 0
1260036017_video 901 77010 77030 0.0029394205193966627 0
1260036017_video 902 77031 77054 0.06000591441988945 0
1260036017_video 903 77055 77198 0.028814664110541344 0
1260036017_video 904 77199 77253 0.027907351031899452 0
1260036017_video 905 77254 77546 0.41188880801200867 0
1260036017_video 906 77547 77684 0.9628148078918457 0
1260036017_video 907 77685 78448 0.7491759657859802 0
1260036017_video 908 78449 78674 0.27988874912261963 0
1260036017_video 909 78675 79020 0.2551977336406708 0
1260036017_video 910 79023 79127 0.012510211206972599 0
1260036017_video 911 79130 79169 0.007602454163134098 0
1260036017_video 912 79171 79380 0.03591720387339592 0
1260036017_video 913 79381 79425 0.6847580671310425 0
1260036017_video 914 79428 79868 0.5971019864082336 0
1260036017_video 915 79869 79875 0.9477106928825378 0
1260036017_video 916 79876 79919 0.7334811687469482 0
1260036017_video 917 79920 79931 0.11711651086807251 0
1260036017_video 918 79932 79934 0.06637945771217346 0
1260036017_video 919 79935 79936 0.046753380447626114 0
1260036017_video 920 79937 79967 0.48152998089790344 0
1260036017_video 921 79968 80027 0.8330410122871399 0
1260036017_video 922 80028 80063 0.7308477759361267 0
1260036017_video 923 80064 80089 0.7778414487838745 0
1260036017_video 924 80090 80117 0.6770411729812622 0
1260036017_video 925 80118 80137 0.6833289265632629 0
1260036017_video 926 80138 80153 0.4901960790157318 0
1260036017_video 927 80154 80189 0.563149094581604 0
1260036017_video 928 80190 80235 0.9515345692634583 0
1260036017_video 929 80236 80299 0.2119407057762146 0
1260036017_video 930 80300 80372 0.01973026432096958 0
1260036017_video 931 80373 80450 0.5222758650779724 0
1260036017_video 932 80451 80514 0.6033622026443481 0
1260036017_video 933 80515 80562 0.4939071536064148 0
1260036017_video 934 80563 80622 0.03002340719103813 0
1260036017_video 935 80623 80686 0.3237423002719879 0
1260036017_video 936 80687 80734 0.2179960012435913 0
1260036017_video 937 80735 80797 0.6927242875099182 0
1260036017_video 938 80807 81027 0.6995550990104675 0
1260036017_video 939 81028 81087 0.4121871590614319 0
1260036017_video 940 81088 81180 0.9187759160995483 0
1260036017_video 941 81181 81300 0.9122194051742554 0
1260036017_video 942 81301 81356 0.7645561695098877 0
1260036017_video 943 81357 81788 0.9720429182052612 0
1260036017_video 944 81789 81848 0.8653512597084045 0
1260036017_video 945 81849 82033 0.19409209489822388 0
1260036017_video 946 82034 82101 0.301865816116333 0
1260036017_video 947 82102 82197 0.3590657413005829 0
1260036017_video 948 82198 82252 0.8054968118667603 0
1260036017_video 949 82253 82326 0.6027812957763672 0
1260036017_video 950 82327 82407 0.4174565374851227 0
1260036017_video 951 82408 82486 0.7564071416854858 0
1260036017_video 952 82487 82625 0.3157954812049866 0
1260036017_video 953 82626 82697 0.14180505275726318 0
1260036017_video 954 82698 82926 0.31791239976882935 0
1260036017_video 955 82927 83065 0.15742230415344238 0
1260036017_video 956 83066 83105 0.01941755600273609 0
1260036017_video 957 83106 83183 0.011430218815803528 0
1260036017_video 958 83184 83215 0.010649742558598518 0
1260036017_video 959 83216 83245 0.005166530143469572 0
1260036017_video 960 83246 83337 0.053000472486019135 0
1260036017_video 961 83338 83440 0.9490718841552734 0
1260036017_video 962 83441 83564 0.7204872965812683 0
1260036017_video 963 83565 83607 0.4173445999622345 0
1260036017_video 964 83608 83701 0.3235369622707367 0
1260036017_video 965 83702 83781 0.04162147268652916 0
1260036017_video 966 83782 83919 0.035099197179079056 0
1260036017_video 967 83920 83991 0.0019737619441002607 0
1260036017_video 968 83992 84106 0.0038439747877418995 0
1260036017_video 969 84107 84239 0.0012446003966033459 0
1260036017_video 970 84240 84318 0.003119605127722025 0
1260036017_video 971 84319 84510 0.04223746806383133 0
1260036017_video 972 84511 84570 0.02868824452161789 0
1260036017_video 973 84571 84671 0.05398959293961525 0
1260036017_video 974 84672 84775 0.9879251718521118 0
1260036017_video 975 84776 84881 0.9849724173545837 0
1260036017_video 976 84882 84921 0.542304277420044 0
1260036017_video 977 84922 84968 0.4623517096042633 0
1260036017_video 978 84969 85046 0.46701228618621826 0
1260036017_video 979 85047 85123 0.9814414978027344 0
1260036017_video 980 85124 85227 0.6146571040153503 0
1260036017_video 981 85228 85347 0.9793186783790588 0
1260036017_video 982 85348 85758 0.49965381622314453 0
1260036017_video 983 85759 85827 0.11895405501127243 0
1260036017_video 984 85828 86228 0.06382987648248672 0
1260036017_video 985 86229 86413 0.0806138888001442 0
1260036017_video 986 86414 86488 0.056438691914081573 0
1260036017_video 987 86489 86668 0.4575178027153015 0
1260036017_video 988 86669 87412 0.348869264125824 0
1260036017_video 989 87413 87477 0.01715126633644104 0
1260036017_video 990 87478 87513 0.009023810736835003 0
1260036017_video 991 87514 87572 0.017621468752622604 0
1260036017_video 992 87573 87636 0.04278402775526047 0
1260036017_video 993 87637 87676 0.11383211612701416 0
1260036017_video 994 87677 87734 0.08633795380592346 0
1260036017_video 995 87735 87790 0.1972004771232605 0
1260036017_video 996 87791 87830 0.11167476326227188 0
1260036017_video 997 87831 87868 0.057768821716308594 0
1260036017_video 998 87869 87900 0.4770512282848358 0
1260036017_video 999 87901 88165 0.051404550671577454 0
1260036017_video 1000 88166 88518 0.014849698171019554 0
1260036017_video 1001 88519 88612 0.005050778854638338 0
1260036017_video 1002 88613 88654 0.008094281889498234 0
1260036017_video 1003 88655 88727 0.003143609967082739 0
1260036017_video 1004 88728 88769 0.00784312840551138 0
1260036017_video 1005 88770 88841 0.0480504110455513 0
1260036017_video 1006 88842 88926 0.07297881692647934 0
1260036017_video 1007 88927 88967 0.06682334095239639 0
1260036017_video 1008 88968 89012 0.09167276322841644 0
1260036017_video 1009 89013 89031 0.007035130634903908 0
1260036017_video 1010 89032 89140 0.0029307252261787653 0
1260036017_video 1011 89141 89193 0.012828929349780083 0
1260036017_video 1012 89194 89320 0.010480759665369987 0
1260036017_video 1013 89321 89397 0.04849221929907799 0
1260036017_video 1014 89398 89531 0.9271143078804016 0
1260036017_video 1015 89532 89746 0.3289231061935425 0
1260036017_video 1016 89747 89805 0.0868106558918953 0
1260036017_video 1017 89806 89915 0.11925958842039108 0
1260036017_video 1018 89916 89971 0.1434672474861145 0
1260036017_video 1019 89972 90100 0.8043106198310852 0
1260036017_video 1020 90101 90160 0.16452443599700928 0
1260036017_video 1021 90161 90212 0.07052814215421677 0
1260036017_video 1022 90213 90248 0.22434993088245392 0
1260036017_video 1023 90249 90336 0.06997468322515488 0
1260036017_video 1024 90337 90426 0.016017794609069824 0
1260036017_video 1025 90427 90495 0.0038028713315725327 0
1260036017_video 1026 90496 90516 0.0030548106878995895 0
1260036017_video 1027 90517 90552 0.04041672870516777 0
1260036017_video 1028 90553 90611 0.003478800877928734 0
1260036017_video 1029 90612 90666 0.0032560830004513264 0
1260036017_video 1030 90667 90683 0.00601804768666625 0
1260036017_video 1031 90684 90710 0.00877468567341566 0
1260036017_video 1032 90711 90764 0.003254296025261283 0
1260036017_video 1033 90765 90800 0.007964515127241611 0
1260036017_video 1034 90801 90840 0.00751926563680172 0
1260036017_video 1035 90841 90886 0.005280103534460068 0
1260036017_video 1036 90887 90970 0.008146972395479679 0
1260036017_video 1037 90971 91023 0.01284583006054163 0
1260036017_video 1038 91024 91075 0.03506855666637421 0
1260036017_video 1039 91076 91116 0.15320220589637756 0
1260036017_video 1040 91117 91191 0.037111781537532806 0
1260036017_video 1041 91192 91241 0.0018495568074285984 0
1260036017_video 1042 91242 91318 0.0012577483430504799 0
1260036017_video 1043 91319 91362 0.0011894000926986337 0
1260036017_video 1044 91363 91435 0.0006547699449583888 0
1260036017_video 1045 91436 91631 0.0012357608648017049 0
1260036017_video 1046 91632 91696 0.9704741835594177 0
1260036017_video 1047 91697 91990 0.8469389081001282 0
1260036017_video 1048 91991 92073 0.3248129189014435 0
1260036017_video 1049 92074 92129 0.00661228783428669 0
1260036017_video 1050 92130 92416 0.01976567879319191 0
1260036017_video 1051 92417 92599 0.6887753009796143 0
1260036017_video 1052 92601 93072 0.39472076296806335 0
1260036017_video 1053 93074 93442 0.13890811800956726 0
1260036017_video 1054 93443 93507 0.0198685172945261 0
1260036017_video 1055 93509 93838 0.05968529358506203 0
1260036017_video 1056 93839 93910 0.11698322743177414 0
1260036017_video 1057 93911 94183 0.29535436630249023 0
1260036017_video 1058 94185 94419 0.717889666557312 0
1260036017_video 1059 94420 94818 0.32653337717056274 0
1260036017_video 1060 94819 94882 0.035822756588459015 0
1260036017_video 1061 94883 95003 0.01880240999162197 0
1260036017_video 1062 95004 95339 0.006890678778290749 0
1260036017_video 1063 95340 95435 0.005246095359325409 0
1260036017_video 1064 95436 95523 0.01520566176623106 0
1260036017_video 1065 95524 95597 0.05311612784862518 0
1260036017_video 1066 95598 95635 0.07595771551132202 0
1260036017_video 1067 95636 95769 0.9963783621788025 0
1260036017_video 1068 95770 95791 0.7404595613479614 0
1260036017_video 1069 95792 95813 0.06803159415721893 0
1260036017_video 1070 95814 95835 0.02978624403476715 0
1260036017_video 1071 95836 95857 0.06626089662313461 0
1260036017_video 1072 95858 95879 0.014495001174509525 0
1260036017_video 1073 95880 95900 0.004395083524286747 0
1260036017_video 1074 95901 95922 0.016748275607824326 0
1260036017_video 1075 95923 95944 0.9788409471511841 0
1260036017_video 1076 95945 96075 0.9799515604972839 0
1260036017_video 1077 96076 96096 0.8172023296356201 0
1260036017_video 1078 96097 96118 0.5997099876403809 0
1260036017_video 1079 96119 96151 0.7794504165649414 0
1260036017_video 1080 96152 96170 0.677215576171875 0
1260036017_video 1081 96171 96195 0.7853110432624817 0
1260036017_video 1082 96196 96205 0.7069605588912964 0
1260036017_video 1083 96206 96214 0.7930537462234497 0
1260036017_video 1084 96215 96222 0.40319228172302246 0
1260036017_video 1085 96223 96228 0.7833681702613831 0
1260036017_video 1086 96229 96238 0.7939234375953674 0
1260036017_video 1087 96239 96249 0.3183106482028961 0
1260036017_video 1088 96250 96257 0.24074947834014893 0
1260036017_video 1089 96258 96266 0.6017404794692993 0
1260036017_video 1090 96267 96290 0.9216431379318237 0
1260036017_video 1091 96291 96301 0.8663930296897888 0
1260036017_video 1092 96302 96314 0.5264858603477478 0
1260036017_video 1093 96315 96326 0.6374300122261047 0
1260036017_video 1094 96327 96336 0.974213182926178 0
1260036017_video 1095 96337 96345 0.3971336781978607 0
1260036017_video 1096 96346 96353 0.543301522731781 0
1260036017_video 1097 96354 96361 0.2994654178619385 0
1260036017_video 1098 96362 96380 0.7778090834617615 0
1260036017_video 1099 96381 96397 0.4577490985393524 0
1260036017_video 1100 96398 96407 0.36772873997688293 0
1260036017_video 1101 96408 96416 0.6625776290893555 0
1260036017_video 1102 96417 96424 0.8028489947319031 0
1260036017_video 1103 96426 96464 0.8060364127159119 0
1260036017_video 1104 96465 96547 0.6943174600601196 0
1260036017_video 1105 96548 96591 0.44572436809539795 0
1260036017_video 1106 96592 96639 0.12981554865837097 0
1260036017_video 1107 96640 96679 0.06331297010183334 0
1260036017_video 1108 96680 96729 0.07641658186912537 0
1260036017_video 1109 96730 96751 0.010335279628634453 0
1260036017_video 1110 96752 96773 0.5571436882019043 0
1260036017_video 1111 96774 96790 0.9126027822494507 0
1260036017_video 1112 96791 96817 0.6681596040725708 0
1260036017_video 1113 96818 96841 0.44939595460891724 0
1260036017_video 1114 96842 96861 0.6746198534965515 0
1260036017_video 1115 96862 96948 0.8514384031295776 0
1260036017_video 1116 96949 96990 0.8076154589653015 0
1260036017_video 1117 96991 97000 0.7852996587753296 0
1260036017_video 1118 97001 97010 0.24167415499687195 0
1260036017_video 1119 97011 97020 0.5409979820251465 0
1260036017_video 1120 97021 97030 0.20978881418704987 0
1260036017_video 1121 97031 97040 0.2146509736776352 0
1260036017_video 1122 97041 97050 0.2107284665107727 0
1260036017_video 1123 97051 97060 0.322116494178772 0
1260036017_video 1124 97061 97070 0.6776337623596191 0
1260036017_video 1125 97071 97080 0.7802193760871887 0
1260036017_video 1126 97081 97090 0.6979833841323853 0
1260036017_video 1127 97091 97100 0.40499046444892883 0
1260036017_video 1128 97101 97120 0.5039873719215393 0
1260036017_video 1129 97121 97130 0.819707989692688 0
1260036017_video 1130 97131 97140 0.5800321102142334 0
1260036017_video 1131 97141 97150 0.6987940669059753 0
1260036017_video 1132 97151 97160 0.7767688632011414 0
1260036017_video 1133 97161 97170 0.3380270302295685 0
1260036017_video 1134 97171 97180 0.6360432505607605 0
1260036017_video 1135 97181 97190 0.6058594584465027 0
1260036017_video 1136 97191 97200 0.3466971516609192 0
1260036017_video 1137 97201 97210 0.5086255073547363 0
1260036017_video 1138 97211 97220 0.11828668415546417 0
1260036017_video 1139 97221 97230 0.10370659828186035 0
1260036017_video 1140 97231 97240 0.568873941898346 0
1260036017_video 1141 97241 97250 0.38372331857681274 0
1260036017_video 1142 97251 97260 0.24355097115039825 0
1260036017_video 1143 97261 97270 0.6228347420692444 0
1260036017_video 1144 97271 97280 0.3714357912540436 0
1260036017_video 1145 97281 97300 0.8971689939498901 0
1260036017_video 1146 97301 97320 0.5171874165534973 0
1260036017_video 1147 97321 97330 0.8962562680244446 0
1260036017_video 1148 97331 97340 0.9918293356895447 0
1260036017_video 1149 97341 97388 0.8971894979476929 0
1260036017_video 1150 97389 97472 0.3371058404445648 0
1260036017_video 1151 97473 97635 0.024291787296533585 0
1260036017_video 1152 97636 97711 0.003500080667436123 0
1260036017_video 1153 97712 97791 0.002311625285074115 0
1260036017_video 1154 97792 97839 0.10594335943460464 0
1260036017_video 1155 97840 97968 0.0035961454268544912 0
1260036017_video 1156 97969 98079 0.008481080643832684 0
1260036017_video 1157 98080 98128 0.004205591510981321 0
1260036017_video 1158 98129 98178 0.06803254783153534 0
1260036017_video 1159 98179 98235 0.1582271307706833 0
1260036017_video 1160 98236 98476 0.06932426244020462 0
1260036017_video 1161 98477 98531 0.017808517441153526 0
1260036017_video 1162 98532 98611 0.0031630308367311954 0
1260036017_video 1163 98612 98675 0.002803597366437316 0
1260036017_video 1164 98676 98706 0.0065265013836324215 0
1260036017_video 1165 98707 98784 0.03645502030849457 0
1260036017_video 1166 98785 98882 0.9933217167854309 0
1260036017_video 1167 98883 99025 0.8138715028762817 0
1260036017_video 1168 99026 99095 0.7509661912918091 0
1260036017_video 1169 99096 99187 0.4313946068286896 0
1260036017_video 1170 99188 99259 0.43758726119995117 0
1260036017_video 1171 99260 99329 0.527805745601654 0
1260036017_video 1172 99330 99578 0.874911367893219 0
1260036017_video 1173 99579 99665 0.4432973265647888 0
1260036017_video 1174 99666 99821 0.15031319856643677 0
1260036017_video 1175 99822 99937 0.01845538057386875 0
1260036017_video 1176 99938 99989 0.030439183115959167 0
1260036017_video 1177 99990 100033 0.029295939952135086 0
1260036017_video 1178 100034 100105 0.18031637370586395 0
1260036017_video 1179 100106 100400 0.060101501643657684 0
1260036017_video 1180 100401 100433 0.009120705537497997 0
1260036017_video 1181 100434 100461 0.007442030124366283 0
1260036017_video 1182 100462 100491 0.005742223467677832 0
1260036017_video 1183 100492 100540 0.004369022790342569 0
1260036017_video 1184 100541 100583 0.0033382188994437456 0
1260036017_video 1185 100584 100694 0.004181826952844858 0
1260036017_video 1186 100695 100908 0.003430824726819992 0
1260036017_video 1187 100909 100942 0.00233362871222198 0
1260036017_video 1188 100943 101068 0.0017693990375846624 0
1260036017_video 1189 101069 101100 0.0015475174877792597 0
1260036017_video 1190 101101 101128 0.0016075246967375278 0
1260036017_video 1191 101129 101159 0.001747820759192109 0
1260036017_video 1192 101160 101206 0.0018255499890074134 0
1260036017_video 1193 101207 101324 0.002733411965891719 0
1260036017_video 1194 101325 101425 0.0036291577853262424 0
1260036017_video 1195 101426 101556 0.002825189381837845 0
1260036017_video 1196 101557 101618 0.0026452632155269384 0
1260036017_video 1197 101619 101684 0.0023332678247243166 0
1260036017_video 1198 101685 101736 0.003285706974565983 0
1260036017_video 1199 101737 101776 0.004814737942069769 0
1260036017_video 1200 101777 101827 0.004379215184599161 0
1260036017_video 1201 101828 101867 0.0038232647348195314 0
1260036017_video 1202 101868 101960 0.008154327049851418 0
1260036017_video 1203 101961 102016 0.007109927479177713 0
1260036017_video 1204 102017 102236 0.0038965842686593533 0
1260036017_video 1205 102237 102263 0.0022727209143340588 0
1260036017_video 1206 102264 102295 0.003437360282987356 0
1260036017_video 1207 102296 102344 0.004463533405214548 0
1260036017_video 1208 102345 102400 0.006382503546774387 0
1260036017_video 1209 102401 102468 0.003175863064825535 0
1260036017_video 1210 102469 102538 0.003159998217597604 0
1260036017_video 1211 102539 102578 0.002612164244055748 0
1260036017_video 1212 102579 102606 0.002782737137749791 0
1260036017_video 1213 102607 102642 0.002192671410739422 0
1260036017_video 1214 102643 102740 0.002398235024884343 0
1260036017_video 1215 102741 102994 0.0018416921375319362 0
1260036017_video 1216 102995 103106 0.0017259774031117558 0
1260036017_video 1217 103107 103301 0.0015992061235010624 0
1260036017_video 1218 103302 103405 0.001756946207024157 0
1260036017_video 1219 103406 103512 0.001351485145278275 0
1260036017_video 1220 103513 103568 0.0017904769629240036 0
1260036017_video 1221 103569 103614 0.0015602271305397153 0
1260036017_video 1222 103615 103668 0.0021350171882659197 0
1260036017_video 1223 103669 103716 0.001980843022465706 0
1260036017_video 1224 103717 103794 0.001821276731789112 0
1260036017_video 1225 103795 103830 0.0030940950382500887 0
1260036017_video 1226 103831 103972 0.001882081967778504 0
1260036017_video 1227 103973 104004 0.002452270593494177 0
1260036017_video 1228 104005 104047 0.0020341239869594574 0
1260036017_video 1229 104048 104100 0.003153037978336215 0
1260036017_video 1230 104101 104156 0.010544884949922562 0
1260036017_video 1231 104157 104233 0.01755971647799015 0
1260036017_video 1232 104234 104355 0.043189629912376404 0
1260036017_video 1233 104356 104427 0.03634403645992279 0
1260036017_video 1234 104428 104493 0.03169616684317589 0
1260036017_video 1235 104494 104572 0.041868072003126144 0
1260036017_video 1236 104573 104879 0.0050716279074549675 0
1260036017_video 1237 104880 104953 0.001619685092009604 0
1260036017_video 1238 104954 104982 0.0006302669062279165 0
1260036017_video 1239 104983 105071 0.001200338825583458 0
1260036017_video 1240 105072 105182 0.00503393542021513 0
1260036017_video 1241 105183 105273 0.03454254940152168 0
1260036017_video 1242 105274 105379 0.07221703231334686 0
1260036017_video 1243 105380 105433 0.1687140315771103 0
1260036017_video 1244 105434 105485 0.9803822040557861 0
1260036017_video 1245 105486 107142 0.8008894920349121 0
1260036017_video 1246 107143 107272 0.4346050024032593 0
1260036017_video 1247 107273 107313 0.6643711924552917 0
1260036017_video 1248 107314 107337 0.40820977091789246 0
1260036017_video 1249 107338 107381 0.6042975187301636 0
1260036017_video 1250 107382 107466 0.3808789849281311 0
1260036017_video 1251 107467 107596 0.4700377285480499 0
1260036017_video 1252 107597 107642 0.3472697138786316 0
1260036017_video 1253 107643 107670 0.29721927642822266 0
1260036017_video 1254 107671 107724 0.25818541646003723 0
1260036017_video 1255 107725 107757 0.887425422668457 0
1260036017_video 1256 107758 107789 0.5632376074790955 0
1260036017_video 1257 107790 107802 0.20849281549453735 0
1260036017_video 1258 107803 107818 0.17553040385246277 0
1260036017_video 1259 107819 107834 0.21204887330532074 0
1260036017_video 1260 107835 107854 0.22520746290683746 0
1260036017_video 1261 107855 107887 0.07067686319351196 0
1260036017_video 1262 107888 107918 0.008180148899555206 0
1260036017_video 1263 107919 107936 0.008415993303060532 0
1260036017_video 1264 107937 107984 0.005795727483928204 0
1260036017_video 1265 107985 108014 0.00736369239166379 0
1260036017_video 1266 108015 108049 0.009687443263828754 0
1260036017_video 1267 108050 108093 0.005244647618383169 0
1260036017_video 1268 108094 108125 0.03040151856839657 0
1260036017_video 1269 108126 108178 0.9949302077293396 0
1260036017_video 1270 108179 108242 0.8246976733207703 0
1260036017_video 1271 108243 108307 0.37332332134246826 0
1260036017_video 1272 108308 108364 0.3212849199771881 0
1260036017_video 1273 108365 108433 0.2300887256860733 0
1260036017_video 1274 108434 108506 0.9714781641960144 0
1260036017_video 1275 108507 108550 0.9805323481559753 0
1260036017_video 1276 108551 108599 0.8745778799057007 0
1260036017_video 1277 108600 108635 0.5185143947601318 0
1260036017_video 1278 108636 108664 0.1627860963344574 0
1260036017_video 1279 108665 108692 0.960516095161438 0
1260036017_video 1280 108693 108713 0.616665244102478 0
1260036017_video 1281 108714 108744 0.4445623755455017 0
1260036017_video 1282 108745 108816 0.2911757826805115 0
1260036017_video 1283 108817 108858 0.409057080745697 0
1260036017_video 1284 108859 108886 0.5527151823043823 0
1260036017_video 1285 108887 108939 0.4377627670764923 0
1260036017_video 1286 108940 108971 0.5306593179702759 0
1260036017_video 1287 108972 109019 0.7072020173072815 0
1260036017_video 1288 109020 109083 0.44393017888069153 0
1260036017_video 1289 109084 109147 0.16394774615764618 0
1260036017_video 1290 109148 109228 0.07884546369314194 0
1260036017_video 1291 109229 109277 0.1283140927553177 0
1260036017_video 1292 109278 109341 0.17234160006046295 0
1260036017_video 1293 109342 109407 0.2633506655693054 0
1260036017_video 1294 109408 109537 0.017636796459555626 0
1260036017_video 1295 109538 109764 0.2162306308746338 0
1260036017_video 1296 109765 109796 0.016578782349824905 0
1260036017_video 1297 109797 109860 0.011045193299651146 0
1260036017_video 1298 109861 109926 0.03092898800969124 0
1260036017_video 1299 109927 109991 0.31813597679138184 0
1260036017_video 1300 109992 110023 0.11676555126905441 0
1260036017_video 1301 110024 110056 0.9899701476097107 0
1260036017_video 1302 110057 110572 0.9623068571090698 0
1260036017_video 1303 110573 110638 0.9484367370605469 0
1260036017_video 1304 110639 110649 0.39403483271598816 0
1260036017_video 1305 110651 110700 0.9413001537322998 0
1260036017_video 1306 110701 110960 0.8516381978988647 0
1260036017_video 1307 110961 111090 0.7063074111938477 0
1260036017_video 1308 111091 111349 0.17080700397491455 0
1260036017_video 1309 111350 111544 0.028495479375123978 0
1260036017_video 1310 111545 111674 0.1388959288597107 0
1260036017_video 1311 111675 111783 0.9650055766105652 0
1260036017_video 1312 111784 111934 0.9879251718521118 0
1260036017_video 1313 111935 112112 0.7568295001983643 0
1260036017_video 1314 112113 112354 0.03063075803220272 0
1260036017_video 1315 112355 112405 0.0049175964668393135 0
1260036017_video 1316 112406 112468 0.0020957323722541332 0
1260036017_video 1317 112469 112499 0.0018811685731634498 0
1260036017_video 1318 112500 112642 0.0013259678380563855 0
1260036017_video 1319 112643 112680 0.002442157594487071 0
1260036017_video 1320 112681 112826 0.0035052187740802765 0
1260036017_video 1321 112827 112887 0.0015378132229670882 0
1260036017_video 1322 112888 113078 0.0023980443365871906 0
1260036017_video 1323 113079 113126 0.004226842429488897 0
1260036017_video 1324 113127 113206 0.030374784022569656 0
1260036017_video 1325 113207 113268 0.9967255592346191 0
1260036017_video 1326 113269 113374 0.905906081199646 0
1260036017_video 1327 113375 113456 0.17760872840881348 0
1260036017_video 1328 113457 113878 0.05166058614850044 0
1260036017_video 1329 113879 114354 0.0411023274064064 0
1260036017_video 1330 114355 114452 0.01878211833536625 0
1260036017_video 1331 114453 114812 0.008553610183298588 0
1260036017_video 1332 114813 114845 0.003895722096785903 0
1260036017_video 1333 114846 114904 0.006222996860742569 0
1260036017_video 1334 114905 115066 0.0008676101570017636 0
1260036017_video 1335 115067 115246 0.0005048750899732113 0
1260036017_video 1336 115247 115334 0.0005702596972696483 0
1260036017_video 1337 115335 115550 0.0014508415479213 0
1260036017_video 1338 115551 115602 0.010983958840370178 0
1260036017_video 1339 115603 115739 0.9749108552932739 0
1260036017_video 1340 115740 115859 0.9754814505577087 0
1260036017_video 1341 115860 115922 0.7473437786102295 0
1260036017_video 1342 115923 116139 0.29165273904800415 0
1260036017_video 1343 116141 116194 0.22533386945724487 0
1260036017_video 1344 116195 116282 0.19564282894134521 0
1260036017_video 1345 116283 116350 0.05625002086162567 0
1260036017_video 1346 116351 116412 0.02386303059756756 0
1260036017_video 1347 116413 116458 0.0185812097042799 0
1260036017_video 1348 116459 116558 0.014547769911587238 0
1260036017_video 1349 116559 116608 0.011547314003109932 0
1260036017_video 1350 116609 116722 0.012404878623783588 0
1260036017_video 1351 116723 116765 0.01146845705807209 0
1260036017_video 1352 116766 116879 0.009135662578046322 0
1260036017_video 1353 116880 116955 0.009097550995647907 0
1260036017_video 1354 116956 117034 0.020206231623888016 0
1260036017_video 1355 117035 117108 0.013874655589461327 0
1260036017_video 1356 117109 117261 0.11517369747161865 0
1260036017_video 1357 117262 117332 0.7675159573554993 0
1260036017_video 1358 117333 117707 0.9894810914993286 0
1260036017_video 1359 117708 117755 0.1784469038248062 0
1260036017_video 1360 117756 118019 0.013485152274370193 0
1260036017_video 1361 118020 118069 0.005458091851323843 0
1260036017_video 1362 118070 118187 0.0057993726804852486 0
1260036017_video 1363 118188 118240 0.0018866254249587655 0
1260036017_video 1364 118241 118410 0.001928510726429522 0
1260036017_video 1365 118411 118668 0.006970238406211138 0
1260036017_video 1366 118669 118914 0.05740398168563843 0
1260036017_video 1367 118915 119015 0.9870522618293762 0
1260036017_video 1368 119016 119397 0.8275317549705505 0
1260036017_video 1369 119398 119462 0.8644638061523438 0
1260036017_video 1370 119463 119555 0.9663441181182861 0
1260036017_video 1371 119556 119673 0.3403324782848358 0
1260036017_video 1372 119674 119727 0.030165301635861397 0
1260036017_video 1373 119728 119773 0.013524970039725304 0
1260036017_video 1374 119774 119880 0.006031541153788567 0
1260036017_video 1375 119881 119952 0.007668203674256802 0
1260036017_video 1376 119953 120005 0.0027578454464673996 0
1260036017_video 1377 120006 120085 0.002863913308829069 0
1260036017_video 1378 120086 120214 0.0028421839233487844 0
1260036017_video 1379 120215 120283 0.0008900893153622746 0
1260036017_video 1380 120284 120327 0.0005619498551823199 0
1260036017_video 1381 120328 120389 0.0006767725571990013 0
1260036017_video 1382 120390 120468 0.0021796796936541796 0
1260036017_video 1383 120469 120602 0.0023952960036695004 0
1260036017_video 1384 120603 120648 0.09517458081245422 0
1260036017_video 1385 120649 120746 0.06501612067222595 0
1260036017_video 1386 120747 120812 0.04700662940740585 0
1260036017_video 1387 120813 120905 0.9934387803077698 0
1260036017_video 1388 120906 121099 0.8298954963684082 0
1260036017_video 1389 121100 121183 0.9310609698295593 0
1260036017_video 1390 121184 121300 0.6114633679389954 0
1260036017_video 1391 121301 121330 0.33514294028282166 0
1260036017_video 1392 121331 121367 0.7584273219108582 0
1260036017_video 1393 121368 121396 0.8486836552619934 0
1260036017_video 1394 121397 121497 0.5746808052062988 0
1260036017_video 1395 121498 121561 0.3950605094432831 0
1260036017_video 1396 121562 121635 0.06663475930690765 0
1260036017_video 1397 121636 121712 0.15949825942516327 0
1260036017_video 1398 121713 121744 0.6239573955535889 0
1260036017_video 1399 121745 121968 0.2723124921321869 0
1260036017_video 1400 121969 122124 0.49442365765571594 0
1260036017_video 1401 122125 122220 0.2206362932920456 0
1260036017_video 1402 122221 122242 0.28833693265914917 0
1260036017_video 1403 122243 122288 0.8269305229187012 0
1260036017_video 1404 122289 122320 0.6528176665306091 0
1260036017_video 1405 122321 122353 0.7384699583053589 0
1260036017_video 1406 122354 122402 0.05536479502916336 0
1260036017_video 1407 122403 122494 0.10521134734153748 0
1260036017_video 1408 122495 122531 0.3846149742603302 0
1260036017_video 1409 122532 122619 0.992081880569458 0
1260036017_video 1410 122620 122771 0.8986793160438538 0
1260036017_video 1411 122772 122958 0.7964310646057129 0
1260036017_video 1412 122960 123115 0.9678070545196533 0
1260036017_video 1413 123116 123139 0.5603644251823425 0
1260036017_video 1414 123140 123175 0.5284577012062073 0
1260036017_video 1415 123176 123206 0.9660069346427917 0
1260036017_video 1416 123207 123315 0.8577405214309692 0
1260036017_video 1417 123316 123531 0.8673290610313416 0
1260036017_video 1418 123532 123618 0.36737576127052307 0
1260036017_video 1419 123619 123693 0.034177280962467194 0
1260036017_video 1420 123694 123764 0.12038910388946533 0
1260036017_video 1421 123765 123879 0.03289029002189636 0
1260036017_video 1422 123880 123954 0.01441959384828806 0
1260036017_video 1423 123955 123988 0.03073350340127945 0
1260036017_video 1424 123989 124067 0.0035701373126357794 0
1260036017_video 1425 124068 124143 0.008545219898223877 0
1260036017_video 1426 124144 124283 0.0008162930025719106 0
1260036017_video 1427 124284 124332 0.0007811867399141192 0
1260036017_video 1428 124333 124424 0.001144647249020636 0
1260036017_video 1429 124425 124514 0.053885217756032944 0
1260036017_video 1430 124515 124525 0.009755464270710945 0
1260036017_video 1431 124528 124767 0.7615882158279419 0
1260036017_video 1432 124768 124805 0.08300365507602692 0
1260036017_video 1433 124806 124850 0.37853220105171204 0
1260036017_video 1434 124851 124959 0.9146655201911926 0
1260036017_video 1435 124960 125025 0.45307019352912903 0
1260036017_video 1436 125026 125032 0.18937134742736816 0
1260036017_video 1437 125033 125079 0.0411248616874218 0
1260036017_video 1438 125080 125086 0.02387392334640026 0
1260036017_video 1439 125087 125093 0.05411636829376221 0
1260036017_video 1440 125094 125108 0.24426738917827606 0
1260036017_video 1441 125110 125116 0.3953792154788971 0
1260036017_video 1442 125117 125123 0.03965349867939949 0
1260036017_video 1443 125124 125132 0.3748752772808075 0
1260036017_video 1444 125133 125141 0.036374256014823914 0
1260036017_video 1445 125142 125148 0.010662968270480633 0
1260036017_video 1446 125149 125166 0.009612229652702808 0
1260036017_video 1447 125167 125168 0.06704975664615631 0
1260036017_video 1448 125169 125170 0.00756458705291152 0
1260036017_video 1449 125171 125181 0.010840330272912979 0
1260036017_video 1450 125182 125202 0.004678504075855017 0
1260036017_video 1451 125203 125213 0.04302079230546951 0
1260036017_video 1452 125214 125215 0.10627823323011398 0
1260036017_video 1453 125216 125217 0.027348238974809647 0
1260036017_video 1454 125218 125224 0.05139205977320671 0
1260036017_video 1455 125225 125231 0.019468912854790688 0
1260036017_video 1456 125232 125238 0.2026171237230301 0
1260036017_video 1457 125239 125240 0.5084147453308105 0
1260036017_video 1458 125241 125243 0.017512910068035126 0
1260036017_video 1459 125244 125245 0.34345725178718567 0
1260036017_video 1460 125246 125249 0.18955019116401672 0
1260036017_video 1461 125250 125253 0.01220970880240202 0
1260036017_video 1462 125254 125256 0.03812945634126663 0
1260036017_video 1463 125257 125267 0.006306503899395466 0
1260036017_video 1464 125268 125271 0.017449211329221725 0
1260036017_video 1465 125272 125274 0.051420070230960846 0
1260036017_video 1466 125275 125278 0.04880685731768608 0
1260036017_video 1467 125279 125283 0.17243322730064392 0
1260036017_video 1468 125284 125285 0.32845383882522583 0
1260036017_video 1469 125286 125341 0.9633148312568665 0
1260036017_video 1470 125342 125382 0.4067618250846863 0
1260036017_video 1471 125383 125549 0.9795045256614685 0
1260036017_video 1472 125550 125809 0.11584942042827606 0
1260036017_video 1473 125810 125856 0.0141825620085001 0
1260036017_video 1474 125857 126037 0.0057584443129599094 0
1260036017_video 1475 126038 126130 0.006960422266274691 0
1260036017_video 1476 126131 126186 0.013516542501747608 0
1260036017_video 1477 126187 126244 0.041426319628953934 0
1260036017_video 1478 126245 126286 0.015925046056509018 0
1260036017_video 1479 126287 126349 0.008492378517985344 0
1260036017_video 1480 126350 126443 0.0018227180698886514 0
1260036017_video 1481 126444 126519 0.006360935512930155 0
1260036017_video 1482 126520 126585 0.019096676260232925 0
1260036017_video 1483 126586 126699 0.9939111471176147 0
1260036017_video 1484 126700 127039 0.19341447949409485 0
1260036017_video 1485 127040 127190 0.045537691563367844 0
1260036017_video 1486 127191 127257 0.010955173522233963 0
1260036017_video 1487 127258 127342 0.010527090169489384 0
1260036017_video 1488 127343 127382 0.017054667696356773 0
1260036017_video 1489 127383 127462 0.020520934835076332 0
1260036017_video 1490 127463 127502 0.05277455970644951 0
1260036017_video 1491 127503 127603 0.9892377853393555 0
1260036017_video 1492 127604 127791 0.7320263385772705 0
1260036017_video 1493 127792 127855 0.3323536515235901 0
1260036017_video 1494 127856 128023 0.16577377915382385 0
1260036017_video 1495 128024 128086 0.08446794748306274 0
1260036017_video 1496 128087 128224 0.05208389833569527 0
1260036017_video 1497 128225 128298 0.0697680115699768 0
1260036017_video 1498 128299 128337 0.08528120070695877 0
1260036017_video 1499 128338 128421 0.0854625329375267 0
1260036017_video 1500 128422 128638 0.005238252691924572 0
1260036017_video 1501 128639 128698 0.0020290734246373177 0
1260036017_video 1502 128699 128862 0.015500083565711975 0
1260036017_video 1503 128863 129084 0.022802157327532768 0
1260036017_video 1504 129085 129122 0.0021980111487209797 0
1260036017_video 1505 129123 129204 0.001537142787128687 0
1260036017_video 1506 129205 129292 0.0019556540064513683 0
1260036017_video 1507 129293 129462 0.001621501287445426 0
1260036017_video 1508 129463 129566 0.001139717292971909 0
1260036017_video 1509 129567 129643 0.0008179000578820705 0
1260036017_video 1510 129644 129715 0.0013587657595053315 0
1260036017_video 1511 129716 130546 0.0018802331760525703 0
1260036017_video 1512 130547 130721 0.019257264211773872 0
1260036017_video 1513 130722 131032 0.024910271167755127 0
1260036017_video 1514 131033 131187 0.1240585446357727 0
1260036017_video 1515 131188 131305 0.5737468600273132 0
1260036017_video 1516 131306 131319 0.35023924708366394 0
1260036017_video 1517 131322 131427 0.298490434885025 0
1260036017_video 1518 131428 131564 0.07639815658330917 0
1260036017_video 1519 131565 131736 0.05188586935400963 0
1260036017_video 1520 131737 131961 0.009581025689840317 0
1260036017_video 1521 131962 132085 0.004959250800311565 0
1260036017_video 1522 132086 132190 0.0021564695052802563 0
1260036017_video 1523 132191 132260 0.002245781011879444 0
1260036017_video 1524 132261 132312 0.008063997142016888 0
1260036017_video 1525 132313 132375 0.007701511960476637 0
1260036017_video 1526 132376 132429 0.0018427601316943765 0
1260036017_video 1527 132430 132538 0.005820589140057564 0
1260036017_video 1528 132539 132595 0.001700322492979467 0
1260036017_video 1529 132596 132679 0.0025164533872157335 0
1260036017_video 1530 132680 132725 0.002039226470515132 0
1260036017_video 1531 132726 133083 0.001727262162603438 0
1260036017_video 1532 133084 133135 0.008380968123674393 0
1260036017_video 1533 133136 133214 0.006728025618940592 0
1260036017_video 1534 133215 133287 0.007787223905324936 0
1260036017_video 1535 133288 133389 0.003507154295220971 0
1260036017_video 1536 133390 133559 0.007956957444548607 0
1260036017_video 1537 133560 133631 0.009374784305691719 0
1260036017_video 1538 133632 133679 0.017354905605316162 0
1260036017_video 1539 133680 133732 0.12163346260786057 0
1260036017_video 1540 133733 133949 0.9880550503730774 0
1260036017_video 1541 133951 134011 0.7405505180358887 0
1260036017_video 1542 134012 134061 0.4343695640563965 0
1260036017_video 1543 134062 134130 0.16178174316883087 0
1260036017_video 1544 134131 134188 0.043582528829574585 0
1260036017_video 1545 134189 134261 0.29884517192840576 0
1260036017_video 1546 134262 134332 0.07667792588472366 0
1260036017_video 1547 134333 134437 0.9781193733215332 0
1260036017_video 1548 134439 134527 0.6664011478424072 0
1260036017_video 1549 134528 134585 0.4703819453716278 0
1260036017_video 1550 134586 134697 0.295058935880661 0
1260036017_video 1551 134698 134768 0.9459990859031677 0
1260036017_video 1552 134769 134868 0.7576749920845032 0
1260036017_video 1553 134869 134961 0.5425794124603271 0
1260036017_video 1554 134962 135039 0.9404183626174927 0
1260036017_video 1555 135040 135143 0.814733624458313 0
1260036017_video 1556 135144 135380 0.8003110885620117 0
1260036017_video 1557 135381 135461 0.2685534656047821 0
1260036017_video 1558 135462 135543 0.9507834315299988 0
1260036017_video 1559 135544 135712 0.9301658868789673 0
1260036017_video 1560 135713 135830 0.7374899387359619 0
1260036017_video 1561 135831 135936 0.7263870239257812 0
1260036017_video 1562 135937 136084 0.7775480151176453 0
1260036017_video 1563 136085 136205 0.835323691368103 0
1260036017_video 1564 136206 136299 0.9533559083938599 0
1260036017_video 1565 136300 136325 0.20642851293087006 0
1260036017_video 1566 136326 136353 0.012644685804843903 0
1260036017_video 1567 136354 136389 0.14858996868133545 0
1260036017_video 1568 136390 136470 0.9585490822792053 0
1260036017_video 1569 136471 136652 0.7302453517913818 0
1260036017_video 1570 136653 136762 0.6080488562583923 0
1260036017_video 1571 136763 136885 0.7323638200759888 0
1260036017_video 1572 136886 137082 0.6808561086654663 0
1260036017_video 1573 137083 137160 0.7179136276245117 0
1260036017_video 1574 137161 137280 0.6445111632347107 0
1260036017_video 1575 137281 137371 0.4820125102996826 0
1260036017_video 1576 137372 137477 0.1731375753879547 0
1260036017_video 1577 137478 137549 0.1941232979297638 0
1260036017_video 1578 137550 137670 0.7103155851364136 0
1260036017_video 1579 137671 137702 0.41472217440605164 0
1260036017_video 1580 137703 137740 0.3674547076225281 0
1260036017_video 1581 137741 137776 0.24232067167758942 0
1260036017_video 1582 137777 137860 0.5998656153678894 0
1260036017_video 1583 137861 137908 0.3014981746673584 0
1260036017_video 1584 137909 137958 0.2473592609167099 0
1260036017_video 1585 137959 137998 0.6294757127761841 0
1260036017_video 1586 137999 138052 0.7748416066169739 0
1260036017_video 1587 138053 138125 0.5273584723472595 0
1260036017_video 1588 138126 138210 0.502297580242157 0
1260036017_video 1589 138211 138256 0.5092208385467529 0
1260036017_video 1590 138257 138300 0.5113487243652344 0
1260036017_video 1591 138301 138352 0.8666378259658813 0
1260036017_video 1592 138353 138414 0.8372301459312439 0
1260036017_video 1593 138415 138471 0.7673805356025696 0
1260036017_video 1594 138472 138540 0.5663581490516663 0
1260036017_video 1595 138541 138613 0.9107503294944763 0
1260036017_video 1596 138614 138664 0.4838244318962097 0
1260036017_video 1597 138665 138742 0.7041290402412415 0
1260036017_video 1598 138743 138784 0.7947492599487305 0
1260036017_video 1599 138785 138826 0.756862998008728 0
1260036017_video 1600 138827 138865 0.6342856884002686 0
1260036017_video 1601 138866 138900 0.5515879392623901 0
1260036017_video 1602 138901 138929 0.08743580430746078 0
1260036017_video 1603 138930 138994 0.5445423722267151 0
1260036017_video 1604 138995 139035 0.32754695415496826 0
1260036017_video 1605 139036 139174 0.061180103570222855 0
1260036017_video 1606 139175 139261 0.9256389737129211 0
1260036017_video 1607 139262 139632 0.9567915797233582 0
1260036017_video 1608 139640 139978 0.9638815522193909 0
1260036017_video 1609 139981 140264 0.29763343930244446 0
1260036017_video 1610 140265 140336 0.03941023349761963 0
1260036017_video 1611 140341 140456 0.7901097536087036 0
1260036017_video 1612 140463 146057 0.12231241911649704 0
